89	3.74049
96	1.34599
99	0.516346
93	3.10857
97	1.62877
98	1.05672
95	1.96502
92	2.32143
91	3.61018
94	1.64799
89	4.25969
97	1.30157
93	3.48953
94	2.16719
92	2.84063
95	1.81906
98	1.57592
91	4.12938
96	1.86519
99	1.03555
95	3.03375
98	2.7906
94	3.38188
64	3.44801
97	2.51625
96	3.07987
99	2.25023
63	3.76547
65	3.55203
92	4.05531
90	4.27343
92	2.59656
99	2.55851
95	1.575
96	2.17594
91	3.88531
98	2.37579
94	1.92312
97	1.0575
89	4.01562
94	3.766
99	2.63436
95	3.41787
64	3.76728
62	3.94853
97	2.90038
96	3.464
63	3.54861
65	4.0744
98	3.17473
96	2.60656
92	2.79782
94	2.33438
97	1.25875
98	2.80642
91	4.27219
90	4.47469
99	2.98914
95	1.77625
89	4.21688
98	3.27584
99	2.73547
61	4.4268
64	4.28312
62	3.89242
97	3.00148
96	3.56511
63	4.06445
95	3.51898
94	3.86711
92	4.35608
95	3.33451
61	4.62252
97	2.81701
62	4.43104
98	3.09136
96	3.38064
63	4.60306
99	3.27408
94	3.68264
92	4.15578
95	3.13421
61	4.91135
97	2.61671
62	4.71987
94	3.48234
96	3.18034
63	4.8919
99	3.56291
98	3.38019
92	3.88344
94	3.21001
97	2.34438
99	3.86477
62	5.02172
91	5.17219
95	2.86188
63	5.19375
96	3.48219
98	3.68205
86	6.34
87	4.39001
6	5.18822
90	3.51
95	6.20844
4	6.82
88	5.16
97	6.54469
3	5.45822
89	5.52782
87	2.32
86	4.27
92	4.87687
94	5.55031
90	1.43999
95	4.13843
89	3.45781
97	4.47469
6	5.47821
88	5.45
96	3.12406
92	2.46156
90	4.13843
95	1.43999
98	3.32392
91	4.78968
97	1.77625
99	3.50664
94	2.85188
89	3.88062
92	1.97454
91	3.26328
90	3.65141
94	1.3011
95	0.952971
89	3.3936
97	0.435472
98	1.75377
99	1.93649
96	1.55391
7	27.3008
6	28.9326
86	30.1408
88	28.9608
1	27.3008
5	27.3008
0	25.939
4	27.3008
2	25.669
3	28.6626
88	29.2202
3	24.9188
6	25.1888
7	23.6919
5	23.557
4	23.557
1	23.557
2	22.0602
0	22.1952
87	28.4502
3	24.9821
90	29.2903
0	23.4219
2	23.4219
7	25.0537
87	29.8119
1	23.6203
5	24.7837
6	25.2521
4	23.6203
7	23.67
6	25.3018
86	26.51
88	25.33
1	23.67
5	23.67
0	22.3082
4	23.67
2	22.0382
3	25.0318
1	22.0342
87	28.4992
0	22.1092
2	22.1092
7	23.741
3	23.396
90	27.7042
4	22.0342
6	23.666
5	23.471
7	22.04
6	23.6718
86	24.88
88	23.7
1	22.04
5	22.04
0	20.6782
4	22.04
2	20.4082
3	23.4018
2	22.2319
87	28.6219
1	20.8701
90	27.7419
0	22.2319
4	20.6001
5	23.5937
6	22.2319
3	22.2319
7	23.8637
2	23.613
87	30.003
1	22.2512
90	29.123
0	23.613
4	21.9812
5	24.9748
6	23.613
3	23.613
7	25.2448
3	23.4738
6	23.7438
2	23.427
1	22.112
0	23.427
5	24.7888
7	25.0588
90	28.937
4	22.112
87	29.817
2	26.8291
87	33.2191
1	25.4673
90	32.3391
0	26.8291
4	25.1973
5	28.1908
6	26.8291
3	26.8291
7	28.4609
2	28.42
87	34.81
1	27.0582
90	33.93
0	28.42
4	26.7882
5	29.7818
6	28.42
3	28.42
7	30.0518
7	28.7161
6	30.3479
86	31.5561
88	30.3761
1	28.7161
5	28.7161
0	27.3543
4	28.7161
2	27.0843
3	30.0779
7	17.1
6	18.7318
86	19.94
88	18.76
1	17.1
5	17.1
0	15.7382
4	17.1
2	15.4682
3	18.4618
6	17.6327
7	16.7508
3	17.3627
5	16.4808
87	21.5091
1	16.0009
4	16.0009
0	15.1191
2	15.1191
90	21.6709
7	18.31
6	19.9418
86	21.15
88	19.97
1	18.31
5	18.31
0	16.9482
4	18.31
2	16.6782
3	19.6718
2	19.0491
87	25.4391
1	17.6873
90	24.5591
0	19.0491
4	17.4173
5	20.4109
6	19.0491
3	19.0491
7	20.6809
2	20.65
87	27.04
1	19.2882
90	26.16
0	20.65
4	19.0182
5	22.0118
6	20.65
3	20.65
7	22.2818
7	16.9269
0	15.2952
5	16.6569
1	14.4392
4	14.4392
2	15.2952
87	21.6852
6	16.071
3	15.801
90	20.8052
6	16.3935
7	15.5701
3	16.1235
5	15.3001
87	20.3283
1	14.7617
4	14.7617
0	13.9383
2	13.9383
90	20.4317
2	15.5006
87	21.8906
1	14.1388
90	21.0106
0	15.5006
4	13.8688
5	16.8624
6	15.5006
3	15.5006
7	17.1324
2	14.09
87	20.48
1	12.7282
90	19.6
0	14.09
4	12.4582
5	15.4518
6	14.09
3	14.09
7	15.7218
0	8.52978
86	14.6716
88	13.4916
2	8.25977
7	9.89156
1	9.89156
4	9.89156
5	9.89156
6	11.5233
3	11.2533
87	14.2633
2	7.87328
7	9.50507
4	6.24149
90	13.3833
0	7.87328
3	7.87328
1	6.5115
6	7.87328
5	9.23506
6	13.8101
0	10.8165
88	14.9617
86	16.1417
1	12.1783
4	12.1783
5	12.1783
7	12.1783
2	10.5465
3	13.5401
2	12.04
87	18.43
1	10.6782
90	17.55
0	12.04
4	10.4082
5	13.4018
6	12.04
3	12.04
7	13.6718
87	17.51
2	11.12
7	12.7518
4	9.48821
90	16.63
0	11.12
3	11.12
1	9.75821
6	11.12
5	12.4818
7	7.97897
3	6.34718
87	12.7372
6	6.34718
1	4.9854
0	6.34719
5	7.70897
4	4.7154
90	11.8572
2	6.34719
7	7.2
6	8.83179
86	10.04
88	8.86
1	7.2
5	7.2
0	5.83822
4	7.2
2	5.56821
3	8.56178
0	4.86822
86	11.01
88	9.83
2	4.59821
7	6.23
1	6.23
4	6.23
5	6.23
6	7.86179
3	7.59178
2	6.86001
87	13.25
1	5.49822
90	12.37
0	6.86001
4	5.22822
5	8.22179
6	6.86
3	6.86
7	8.49179
7	12.74
6	14.3718
86	15.58
88	14.4
1	12.74
5	12.74
0	11.3782
4	12.74
2	11.1082
3	14.1018
2	138.412
87	144.802
1	137.051
90	143.922
0	138.412
4	136.781
5	139.774
6	138.412
3	138.412
7	140.044
2	138.28
87	144.67
1	136.918
90	143.79
0	138.28
4	136.648
5	139.642
6	138.28
3	138.28
7	139.912
2	138.359
87	144.749
1	136.998
90	143.869
0	138.359
4	136.728
5	139.721
6	138.359
3	138.359
7	139.991
2	138.335
87	144.725
1	136.973
90	143.845
0	138.335
4	136.703
5	139.697
6	138.335
3	138.335
7	139.967
2	138.226
87	144.616
1	136.865
90	143.736
0	138.226
4	136.595
5	139.588
6	138.226
3	138.226
7	139.858
2	138.158
87	144.548
1	136.796
90	143.668
0	138.158
4	136.526
5	139.519
6	138.158
3	138.158
7	139.789
2	138.507
87	144.897
1	137.145
90	144.017
0	138.507
4	136.875
5	139.868
6	138.507
3	138.507
7	140.138
2	138.462
87	144.852
1	137.101
90	143.972
0	138.462
4	136.831
5	139.824
6	138.462
3	138.462
7	140.094
2	138.312
87	144.702
1	136.95
90	143.822
0	138.312
4	136.68
5	139.674
6	138.312
3	138.312
7	139.944
2	138.621
87	145.011
1	137.26
90	144.131
0	138.621
4	136.99
5	139.983
6	138.621
3	138.621
7	140.253
2	138.598
87	144.988
1	137.236
90	144.108
0	138.598
4	136.966
5	139.959
6	138.598
3	138.598
7	140.229
2	138.423
87	144.812
1	137.061
90	143.932
0	138.423
4	136.791
5	139.784
6	138.422
3	138.422
7	140.054
2	138.773
87	145.163
1	137.411
90	144.283
0	138.773
4	137.141
5	140.134
6	138.773
3	138.773
7	140.404
2	138.755
87	145.145
1	137.393
90	144.265
0	138.755
4	137.123
5	140.116
6	138.755
3	138.755
7	140.386
2	138.562
87	144.952
1	137.2
90	144.072
0	138.562
4	136.93
5	139.923
6	138.562
3	138.562
7	140.193
2	138.922
87	145.312
1	137.56
90	144.432
0	138.922
4	137.29
5	140.284
6	138.922
3	138.922
7	140.554
2	138.883
87	145.273
1	137.521
90	144.393
0	138.883
4	137.251
5	140.245
6	138.883
3	138.883
7	140.515
2	138.71
87	145.1
1	137.348
90	144.22
0	138.71
4	137.078
5	140.072
6	138.71
3	138.71
7	140.342
2	139.028
87	145.418
1	137.667
90	144.538
0	139.028
4	137.396
5	140.39
6	139.028
3	139.028
7	140.66
2	138.97
87	145.36
1	137.609
90	144.48
0	138.97
4	137.339
5	140.332
6	138.97
3	138.97
7	140.602
2	138.834
87	145.224
1	137.473
90	144.344
0	138.834
4	137.203
5	140.196
6	138.834
3	138.834
7	140.466
2	138.469
87	144.859
1	137.107
90	143.979
0	138.469
4	136.837
5	139.831
6	138.469
3	138.469
7	140.101
2	138.555
87	144.945
1	137.194
90	144.065
0	138.555
4	136.924
5	139.917
6	138.555
3	138.555
7	140.187
2	138.661
87	145.051
1	137.299
90	144.171
0	138.661
4	137.029
5	140.023
6	138.661
3	138.661
7	140.293
2	138.814
87	145.204
1	137.452
90	144.324
0	138.814
4	137.182
5	140.176
6	138.814
3	138.814
7	140.446
2	138.98
87	145.37
1	137.618
90	144.49
0	138.98
4	137.348
5	140.342
6	138.98
3	138.98
7	140.612
2	139.081
87	145.471
1	137.72
90	144.591
0	139.081
4	137.45
5	140.443
6	139.081
3	139.081
7	140.713
2	132.313
87	138.703
1	130.951
90	137.823
0	132.313
4	130.681
5	133.675
6	132.313
3	132.313
7	133.945
2	132.175
87	138.565
1	130.813
90	137.685
0	132.175
4	130.543
5	133.536
6	132.175
3	132.175
7	133.806
2	132.305
87	138.695
1	130.944
90	137.815
0	132.305
4	130.674
5	133.667
6	132.305
3	132.305
7	133.937
2	132.12
87	138.51
1	130.758
90	137.63
0	132.12
4	130.488
5	133.482
6	132.12
3	132.12
7	133.752
2	132.236
87	138.626
1	130.874
90	137.746
0	132.236
4	130.604
5	133.597
6	132.236
3	132.236
7	133.867
2	132.083
87	138.473
1	130.721
90	137.593
0	132.083
4	130.451
5	133.445
6	132.083
3	132.083
7	133.715
2	132.151
87	138.541
1	130.79
90	137.661
0	132.151
4	130.52
5	133.513
6	132.151
3	132.151
7	133.783
2	132.045
87	138.435
1	130.684
90	137.555
0	132.045
4	130.414
5	133.407
6	132.045
3	132.045
7	133.677
2	132.444
87	138.834
1	131.082
90	137.954
0	132.444
4	130.812
5	133.806
6	132.444
3	132.444
7	134.076
2	132.453
87	138.843
1	131.091
90	137.963
0	132.453
4	130.821
5	133.815
6	132.453
3	132.453
7	134.085
2	132.298
87	138.688
1	130.936
90	137.808
0	132.298
4	130.666
5	133.66
6	132.298
3	132.298
7	133.93
2	132.592
87	138.982
1	131.23
90	138.102
0	132.592
4	130.96
5	133.954
6	132.592
3	132.592
7	134.224
2	132.443
87	138.833
1	131.081
90	137.953
0	132.443
4	130.811
5	133.804
6	132.443
3	132.443
7	134.074
2	132.584
87	138.974
1	131.222
90	138.094
0	132.584
4	130.952
5	133.945
6	132.584
3	132.584
7	134.215
2	129.968
87	136.358
1	128.606
90	135.478
0	129.968
4	128.336
5	131.329
6	129.968
3	129.968
7	131.6
2	129.831
87	136.221
1	128.47
90	135.341
0	129.831
4	128.2
5	131.193
6	129.831
3	129.831
7	131.463
2	129.934
87	136.324
1	128.572
90	135.444
0	129.934
4	128.302
5	131.296
6	129.934
3	129.934
7	131.566
2	129.772
87	136.162
1	128.41
90	135.282
0	129.772
4	128.14
5	131.133
6	129.772
3	129.772
7	131.403
2	129.867
87	136.257
1	128.506
90	135.377
0	129.867
4	128.236
5	131.229
6	129.867
3	129.867
7	131.499
2	129.72
87	136.11
1	128.358
90	135.23
0	129.72
4	128.088
5	131.081
6	129.72
3	129.72
7	131.351
2	129.785
87	136.175
1	128.423
90	135.295
0	129.785
4	128.153
5	131.147
6	129.785
3	129.785
7	131.417
2	129.682
87	136.072
1	128.32
90	135.192
0	129.682
4	128.05
5	131.043
6	129.682
3	129.682
7	131.313
2	130.069
87	136.459
1	128.707
90	135.579
0	130.069
4	128.437
5	131.431
6	130.069
3	130.069
7	131.701
2	130.031
87	136.421
1	128.669
90	135.541
0	130.031
4	128.399
5	131.393
6	130.031
3	130.031
7	131.663
2	129.886
87	136.276
1	128.524
90	135.396
0	129.886
4	128.254
5	131.247
6	129.886
3	129.886
7	131.517
2	130.167
87	136.557
1	128.805
90	135.677
0	130.167
4	128.535
5	131.529
6	130.167
3	130.167
7	131.799
2	130.127
87	136.517
1	128.765
90	135.637
0	130.127
4	128.495
5	131.488
6	130.127
3	130.127
7	131.758
2	129.984
87	136.374
1	128.622
90	135.494
0	129.984
4	128.352
5	131.346
6	129.984
3	129.984
7	131.616
2	130.261
87	136.651
1	128.9
90	135.771
0	130.261
4	128.63
5	131.623
6	130.261
3	130.261
7	131.893
2	130.215
87	136.605
1	128.853
90	135.725
0	130.215
4	128.583
5	131.576
6	130.215
3	130.215
7	131.847
2	130.076
87	136.466
1	128.714
90	135.586
0	130.076
4	128.444
5	131.438
6	130.076
3	130.076
7	131.708
2	130.354
87	136.744
1	128.992
90	135.864
0	130.354
4	128.722
5	131.716
6	130.354
3	130.354
7	131.986
2	130.305
87	136.695
1	128.943
90	135.815
0	130.305
4	128.673
5	131.666
6	130.305
3	130.305
7	131.936
2	130.16
87	136.55
1	128.798
90	135.67
0	130.16
4	128.528
5	131.522
6	130.16
3	130.16
7	131.792
2	130.448
87	136.838
1	129.086
90	135.958
0	130.448
4	128.816
5	131.81
6	130.448
3	130.448
7	132.08
2	130.403
87	136.793
1	129.041
90	135.913
0	130.403
4	128.771
5	131.765
6	130.403
3	130.403
7	132.035
2	130.25
87	136.64
1	128.888
90	135.76
0	130.25
4	128.618
5	131.611
6	130.25
3	130.25
7	131.881
2	130.545
87	136.935
1	129.184
90	136.055
0	130.545
4	128.914
5	131.907
6	130.545
3	130.545
7	132.177
2	130.507
87	136.897
1	129.145
90	136.017
0	130.507
4	128.875
5	131.868
6	130.507
3	130.507
7	132.138
2	130.35
87	136.74
1	128.989
90	135.86
0	130.35
4	128.719
5	131.712
6	130.35
3	130.35
7	131.982
2	130.645
87	137.035
1	129.283
90	136.155
0	130.645
4	129.013
5	132.007
6	130.645
3	130.645
7	132.277
2	130.608
87	136.998
1	129.246
90	136.118
0	130.608
4	128.976
5	131.97
6	130.608
3	130.608
7	132.24
2	130.453
87	136.843
1	129.092
90	135.963
0	130.453
4	128.822
5	131.815
6	130.453
3	130.453
7	132.085
2	130.746
87	137.136
1	129.385
90	136.256
0	130.746
4	129.115
5	132.108
6	130.746
3	130.746
7	132.378
2	130.708
87	137.098
1	129.346
90	136.218
0	130.708
4	129.076
5	132.069
6	130.708
3	130.708
7	132.339
2	130.558
87	136.948
1	129.196
90	136.068
0	130.558
4	128.926
5	131.92
6	130.558
3	130.558
7	132.19
2	130.847
87	137.237
1	129.485
90	136.357
0	130.847
4	129.215
5	132.208
6	130.847
3	130.847
7	132.478
2	130.806
87	137.196
1	129.444
90	136.316
0	130.806
4	129.174
5	132.167
6	130.806
3	130.806
7	132.438
2	130.658
87	137.048
1	129.297
90	136.168
0	130.658
4	129.027
5	132.02
6	130.658
3	130.658
7	132.29
2	130.944
87	137.334
1	129.582
90	136.454
0	130.944
4	129.312
5	132.306
6	130.944
3	130.944
7	132.576
2	130.902
87	137.292
1	129.541
90	136.412
0	130.902
4	129.271
5	132.264
6	130.902
3	130.902
7	132.534
2	130.757
87	137.147
1	129.395
90	136.267
0	130.757
4	129.125
5	132.119
6	130.757
3	130.757
7	132.389
2	131.039
87	137.429
1	129.677
90	136.549
0	131.039
4	129.407
5	132.401
6	131.039
3	131.039
7	132.671
2	130.994
87	137.384
1	129.632
90	136.504
0	130.994
4	129.362
5	132.355
6	130.994
3	130.994
7	132.625
2	130.853
87	137.243
1	129.491
90	136.363
0	130.853
4	129.221
5	132.215
6	130.853
3	130.853
7	132.485
2	131.134
87	137.524
1	129.773
90	136.644
0	131.134
4	129.503
5	132.496
6	131.134
3	131.134
7	132.766
2	131.089
87	137.479
1	129.727
90	136.599
0	131.089
4	129.457
5	132.451
6	131.089
3	131.089
7	132.721
2	130.946
87	137.336
1	129.584
90	136.456
0	130.946
4	129.314
5	132.308
6	130.946
3	130.946
7	132.578
2	131.231
87	137.621
1	129.869
90	136.741
0	131.231
4	129.599
5	132.593
6	131.231
3	131.231
7	132.863
2	131.186
87	137.576
1	129.824
90	136.696
0	131.186
4	129.554
5	132.548
6	131.186
3	131.186
7	132.818
2	131.04
87	137.43
1	129.678
90	136.55
0	131.04
4	129.408
5	132.402
6	131.04
3	131.04
7	132.672
2	131.329
87	137.719
1	129.967
90	136.839
0	131.329
4	129.697
5	132.69
6	131.329
3	131.329
7	132.96
2	131.284
87	137.674
1	129.922
90	136.794
0	131.284
4	129.652
5	132.645
6	131.284
3	131.284
7	132.915
2	131.138
87	137.528
1	129.776
90	136.648
0	131.138
4	129.506
5	132.499
6	131.138
3	131.138
7	132.77
2	131.429
87	137.819
1	130.067
90	136.939
0	131.429
4	129.797
5	132.79
6	131.429
3	131.429
7	133.06
2	131.386
87	137.776
1	130.024
90	136.896
0	131.386
4	129.754
5	132.748
6	131.386
3	131.386
7	133.018
2	131.239
87	137.629
1	129.877
90	136.749
0	131.239
4	129.607
5	132.601
6	131.239
3	131.239
7	132.871
2	131.531
87	137.921
1	130.169
90	137.041
0	131.531
4	129.899
5	132.892
6	131.531
3	131.531
7	133.162
2	131.491
87	137.881
1	130.129
90	137.001
0	131.491
4	129.859
5	132.852
6	131.491
3	131.491
7	133.122
2	131.346
87	137.736
1	129.984
90	136.856
0	131.346
4	129.714
5	132.708
6	131.346
3	131.346
7	132.978
2	131.633
87	138.023
1	130.271
90	137.143
0	131.633
4	130.001
5	132.995
6	131.633
3	131.633
7	133.265
2	131.593
87	137.983
1	130.232
90	137.103
0	131.593
4	129.962
5	132.955
6	131.593
3	131.593
7	133.225
2	131.45
87	137.84
1	130.088
90	136.96
0	131.45
4	129.818
5	132.811
6	131.45
3	131.45
7	133.081
2	132.342
87	138.732
1	130.98
90	137.852
0	132.342
4	130.71
5	133.704
6	132.342
3	132.342
7	133.974
2	132.276
87	138.666
1	130.914
90	137.786
0	132.276
4	130.644
5	133.637
6	132.276
3	132.276
7	133.907
2	132.463
87	138.853
1	131.101
90	137.973
0	132.463
4	130.831
5	133.824
6	132.463
3	132.463
7	134.094
2	132.602
87	138.992
1	131.241
90	138.112
0	132.602
4	130.971
5	133.964
6	132.602
3	132.602
7	134.234
2	132.726
87	139.116
1	131.364
90	138.236
0	132.726
4	131.094
5	134.088
6	132.726
3	132.726
7	134.358
2	132.722
87	139.112
1	131.36
90	138.232
0	132.722
4	131.09
5	134.083
6	132.721
3	132.721
7	134.353
2	127.651
87	134.041
1	126.289
90	133.161
0	127.651
4	126.019
5	129.013
6	127.651
3	127.651
7	129.283
2	127.528
87	133.918
1	126.166
90	133.038
0	127.528
4	125.896
5	128.89
6	127.528
3	127.528
7	129.16
2	127.616
87	134.006
1	126.254
90	133.126
0	127.616
4	125.984
5	128.977
6	127.616
3	127.616
7	129.247
2	127.468
87	133.858
1	126.106
90	132.978
0	127.468
4	125.836
5	128.83
6	127.468
3	127.468
7	129.1
2	127.557
87	133.947
1	126.196
90	133.067
0	127.557
4	125.926
5	128.919
6	127.557
3	127.557
7	129.189
2	127.428
87	133.818
1	126.066
90	132.938
0	127.428
4	125.796
5	128.789
6	127.428
3	127.428
7	129.059
2	127.487
87	133.877
1	126.125
90	132.997
0	127.487
4	125.855
5	128.849
6	127.487
3	127.487
7	129.119
2	127.392
87	133.782
1	126.03
90	132.902
0	127.392
4	125.76
5	128.754
6	127.392
3	127.392
7	129.024
2	127.749
87	134.139
1	126.387
90	133.259
0	127.749
4	126.117
5	129.111
6	127.749
3	127.749
7	129.381
2	127.713
87	134.103
1	126.351
90	133.223
0	127.713
4	126.081
5	129.074
6	127.713
3	127.713
7	129.344
2	127.584
87	133.974
1	126.222
90	133.094
0	127.584
4	125.952
5	128.946
6	127.584
3	127.584
7	129.216
2	127.846
87	134.236
1	126.484
90	133.356
0	127.846
4	126.214
5	129.208
6	127.846
3	127.846
7	129.478
2	127.812
87	134.202
1	126.45
90	133.322
0	127.812
4	126.18
5	129.173
6	127.812
3	127.812
7	129.443
2	127.676
87	134.066
1	126.315
90	133.186
0	127.676
4	126.045
5	129.038
6	127.676
3	127.676
7	129.308
2	127.942
87	134.332
1	126.581
90	133.452
0	127.942
4	126.311
5	129.304
6	127.942
3	127.942
7	129.574
2	127.908
87	134.298
1	126.546
90	133.418
0	127.908
4	126.276
5	129.27
6	127.908
3	127.908
7	129.54
2	127.77
87	134.16
1	126.408
90	133.28
0	127.77
4	126.138
5	129.131
6	127.77
3	127.77
7	129.401
2	128.044
87	134.434
1	126.682
90	133.554
0	128.044
4	126.412
5	129.406
6	128.044
3	128.044
7	129.676
2	128.007
87	134.397
1	126.645
90	133.517
0	128.007
4	126.375
5	129.369
6	128.007
3	128.007
7	129.639
2	127.865
87	134.255
1	126.504
90	133.375
0	127.865
4	126.234
5	129.227
6	127.865
3	127.865
7	129.497
2	128.147
87	134.537
1	126.785
90	133.657
0	128.147
4	126.515
5	129.509
6	128.147
3	128.147
7	129.779
2	128.11
87	134.5
1	126.748
90	133.62
0	128.11
4	126.478
5	129.471
6	128.11
3	128.11
7	129.741
2	127.962
87	134.352
1	126.6
90	133.472
0	127.962
4	126.33
5	129.324
6	127.962
3	127.962
7	129.594
2	128.251
87	134.641
1	126.89
90	133.761
0	128.251
4	126.62
5	129.613
6	128.251
3	128.251
7	129.883
2	128.213
87	134.603
1	126.851
90	133.723
0	128.213
4	126.581
5	129.575
6	128.213
3	128.213
7	129.845
2	128.062
87	134.452
1	126.7
90	133.572
0	128.062
4	126.43
5	129.424
6	128.062
3	128.062
7	129.694
2	128.35
87	134.74
1	126.989
90	133.86
0	128.35
4	126.719
5	129.712
6	128.35
3	128.35
7	129.982
2	128.311
87	134.701
1	126.949
90	133.821
0	128.311
4	126.679
5	129.673
6	128.311
3	128.311
7	129.943
2	128.165
87	134.555
1	126.803
90	133.675
0	128.165
4	126.533
5	129.527
6	128.165
3	128.165
7	129.797
2	128.447
87	134.837
1	127.085
90	133.957
0	128.447
4	126.815
5	129.808
6	128.447
3	128.447
7	130.078
2	128.408
87	134.798
1	127.046
90	133.918
0	128.408
4	126.776
5	129.77
6	128.408
3	128.408
7	130.04
2	128.268
87	134.658
1	126.906
90	133.778
0	128.268
4	126.636
5	129.63
6	128.268
3	128.268
7	129.9
2	128.544
87	134.934
1	127.182
90	134.054
0	128.544
4	126.912
5	129.906
6	128.544
3	128.544
7	130.176
2	128.505
87	134.895
1	127.143
90	134.015
0	128.505
4	126.873
5	129.866
6	128.505
3	128.505
7	130.136
2	128.368
87	134.758
1	127.006
90	133.878
0	128.368
4	126.736
5	129.73
6	128.368
3	128.368
7	130
2	128.638
87	135.028
1	127.277
90	134.148
0	128.638
4	127.007
5	130
6	128.638
3	128.638
7	130.27
2	128.599
87	134.989
1	127.237
90	134.109
0	128.599
4	126.967
5	129.961
6	128.599
3	128.599
7	130.231
2	128.465
87	134.855
1	127.103
90	133.975
0	128.465
4	126.833
5	129.827
6	128.465
3	128.465
7	130.097
2	128.733
87	135.123
1	127.371
90	134.243
0	128.733
4	127.101
5	130.094
6	128.733
3	128.733
7	130.364
2	128.694
87	135.084
1	127.332
90	134.204
0	128.694
4	127.062
5	130.056
6	128.694
3	128.694
7	130.326
2	128.558
87	134.948
1	127.196
90	134.068
0	128.558
4	126.926
5	129.92
6	128.558
3	128.558
7	130.19
2	128.827
87	135.217
1	127.465
90	134.337
0	128.827
4	127.195
5	130.189
6	128.827
3	128.827
7	130.459
2	128.788
87	135.178
1	127.426
90	134.298
0	128.788
4	127.156
5	130.15
6	128.788
3	128.788
7	130.42
2	128.651
87	135.041
1	127.289
90	134.161
0	128.651
4	127.019
5	130.013
6	128.651
3	128.651
7	130.283
2	128.925
87	135.315
1	127.563
90	134.435
0	128.925
4	127.293
5	130.287
6	128.925
3	128.925
7	130.557
2	128.885
87	135.275
1	127.524
90	134.395
0	128.885
4	127.254
5	130.247
6	128.885
3	128.885
7	130.517
2	128.743
87	135.133
1	127.381
90	134.253
0	128.743
4	127.111
5	130.105
6	128.743
3	128.743
7	130.375
2	129.027
87	135.417
1	127.666
90	134.537
0	129.027
4	127.396
5	130.389
6	129.027
3	129.027
7	130.659
2	128.987
87	135.377
1	127.625
90	134.497
0	128.987
4	127.355
5	130.348
6	128.987
3	128.987
7	130.618
