262	0.00216507
69	0.00314565
71	0.00133789
118	0.00326212
395	0.00108539
384	0.00184798
332	0.0003976
783	0.00186638
574	0.00057493
408	0.000815388
546	0.00186916
777	0.000793808
265	0.000786377
397	0.00247004
6	0.00229791
817	0.000857517
705	0.00187246
645	0.00189313
50	0.000769737
801	0.0026236
816	6.84565e-05
799	0.000177746
7	6.97408e-05
590	8.16072e-05
809	6.90064e-05
990	0.000146959
432	7.02769e-05
121	0.000177568
148	9.06108e-05
353	7.34144e-05
117	9.93326e-05
700	0.000579182
440	5.11495e-07
744	0.000239122
49	6.54491e-05
407	7.19385e-05
141	0.000288586
271	6.84603e-05
330	0.000277964
517	3.20493e-05
876	4.94101e-07
591	0.00237087
271	0.00276505
590	0.00272635
117	0.00282935
579	0.00159542
423	0.00205506
407	0.00279442
308	0.000711729
7	0.00276463
206	0.000768564
614	1.36403e-06
744	0.00227661
62	0.000695158
49	0.00276549
138	0.00133432
809	0.00278258
432	0.00277039
148	0.00265282
141	0.00233107
799	0.00103382
911	5.87355e-07
247	0.000825674
144	0.00121236
990	0.00118238
841	0.00103467
121	0.00103278
315	0.000472471
994	0.00120982
883	0.000859675
473	0.000298482
128	0.00126749
241	0.00016586
253	0.000666042
250	0.000370065
330	0.00127926
623	0.000634596
881	0.000866549
668	0.000825476
141	0.00123848
962	0.000149439
792	0.00266189
227	0.00168206
779	0.00197707
266	0.0024003
451	0.00234262
41	3.75945e-06
94	1.90291e-06
649	0.00196444
76	0.00264236
371	0.00174776
390	7.65192e-07
119	0.00198754
425	0.00240733
415	2.07957e-07
966	0.000766871
685	0.000758121
21	0.0019173
280	0.00268097
521	0.00215895
78	0.000677572
819	0.000145872
769	3.64655e-05
435	0.000987355
135	0.000782511
999	0.000397043
245	0.00091676
212	4.55974e-05
771	0.000995693
558	0.00101182
834	0.000418031
903	0.000688687
235	0.000318707
293	0.000123889
269	0.000827477
523	0.000245928
871	0.000341366
189	0.000106057
584	0.000123521
474	9.10155e-05
66	4.15319e-06
804	4.19655e-05
865	0.00014364
346	1.8032e-07
459	5.57165e-07
373	0.000115737
630	9.90214e-07
697	2.42662e-06
436	8.55125e-08
906	0.000310145
756	1.37379e-05
137	8.34508e-05
983	0.000204368
203	1.15606e-06
175	1.87081e-05
716	0.000135316
918	8.24584e-05
479	6.16383e-07
618	5.45228e-05
67	2.30042e-05
324	2.1153e-08
718	3.43068e-07
887	1.55287e-07
335	6.48798e-07
168	1.95453e-08
818	2.12567e-07
838	8.41174e-07
329	4.19727e-07
890	1.70092e-06
751	2.43097e-07
877	1.70864e-07
477	1.04757e-06
736	4.3313e-07
334	1.18244e-07
633	2.81608e-07
741	2.85858e-07
707	1.38031e-06
692	2.62899e-07
64	2.38522e-07
33	2.65215e-07
667	8.19933e-05
601	0.000126921
820	4.4089e-05
165	1.22916e-05
864	6.01822e-06
303	0.000133517
467	7.88454e-06
226	1.34139e-05
80	6.50291e-05
600	5.0257e-05
72	0.000122547
406	5.5731e-05
70	7.49047e-05
98	5.3111e-06
957	8.40078e-05
214	7.07402e-05
970	5.13857e-05
775	1.67181e-05
599	0.000138989
382	0.000110969
403	0.00632071
420	0.00882164
691	0.00999871
343	0.0102405
362	0.000371313
651	0.00553269
296	0.00825683
507	0.00981695
458	0.00916192
506	0.00399222
650	0.000357432
617	0.0101963
560	0.00622914
257	0.00978435
719	0.00099013
921	0.0055562
853	0.00970276
547	0.00981561
108	0.00796469
956	0.008799
454	0.000501668
947	1.44093e-06
873	0.000336984
550	0.000487371
661	9.11119e-05
722	0.000234202
740	0.000107924
297	0.000470267
625	0.000452981
647	9.04447e-05
465	0.000221305
729	4.36403e-06
304	0.000282859
8	0.000173698
960	0.000295636
615	0.00018164
171	9.84519e-07
201	7.98262e-05
913	0.000483688
43	0.000100122
497	3.72114e-05
190	9.48262e-06
289	2.5305e-05
404	3.49657e-05
961	5.48766e-05
561	5.14102e-05
254	1.38122e-05
767	7.34261e-06
73	1.5831e-05
18	4.99762e-05
425	6.43825e-05
686	1.32955e-05
355	2.39096e-05
125	9.39652e-06
709	5.50679e-05
280	3.60597e-05
484	3.79535e-05
792	4.91264e-05
878	1.43818e-05
364	5.80383e-05
496	1.33062e-06
399	8.84636e-06
665	2.85741e-05
583	1.25562e-05
193	7.77184e-07
225	2.63391e-05
611	1.47126e-06
140	3.81946e-05
358	2.97795e-05
372	2.0761e-06
444	3.15258e-05
298	2.96968e-05
282	2.86829e-05
922	2.44622e-05
58	2.38724e-05
142	1.55805e-05
952	4.07065e-05
470	8.65664e-07
974	3.0063e-05
174	1.37312e-06
342	0.000681003
32	7.34571e-05
232	0.000623511
301	3.40575e-06
746	0.00014213
478	2.34529e-05
849	0.000655393
798	6.76294e-05
882	3.47875e-06
441	5.94755e-07
886	0.000251221
721	6.36843e-05
12	6.9525e-05
11	0.000528482
147	6.08114e-05
513	0.000696359
528	1.80083e-08
880	0.00017094
261	1.19223e-05
340	0.00034757
601	0.000399369
183	0.000337464
627	0.000373856
710	0.000205536
228	0.000366907
977	2.59019e-05
320	0.000431629
641	2.47694e-05
652	0.000268254
102	0.000204838
70	0.000293439
781	0.000415166
599	0.000299174
859	1.08639e-05
72	0.000399267
642	0.000292169
44	0.000262349
292	0.000348705
270	0.000446534
694	0.000178065
636	4.92376e-07
244	2.90565e-07
658	1.94384e-06
609	2.81225e-07
428	5.63911e-07
13	2.83362e-05
450	8.60156e-07
931	4.99507e-08
46	6.78938e-08
82	3.30706e-08
19	5.87894e-07
259	6.82126e-08
354	3.23827e-06
619	1.14352e-05
982	6.63453e-09
747	1.49013e-07
83	2.00663e-06
612	5.65183e-08
815	4.47708e-07
555	5.0338e-06
406	0.000238508
226	0.000236496
578	7.07375e-06
600	0.000323451
176	0.000142913
375	0.000277805
637	3.16002e-05
998	3.09653e-06
303	0.000239212
197	0.000194602
339	9.74223e-05
576	1.85978e-05
781	0.000336095
382	8.87687e-05
689	0.000298435
98	0.000316315
902	1.35146e-06
864	0.000352206
471	3.41971e-05
820	0.000327239
418	4.81239e-05
370	0.000551976
550	0.000181804
873	0.000568015
129	0.000627706
171	0.000555901
729	0.00059685
351	0.000455933
794	0.000379536
37	0.000356942
42	0.00067348
580	1.24742e-06
947	0.000585771
814	0.000555773
178	0.000150282
663	0.000690966
722	0.000388959
812	7.86437e-06
304	9.0125e-05
959	5.33919e-05
347	0.000602553
811	0.000345073
209	0.000500838
257	0.000482172
933	0.00117562
881	0.00112904
108	0.00123346
247	0.00115563
575	0.0012541
766	8.26571e-05
525	0.000983619
286	0.000438192
754	0.00050897
420	0.000544934
296	0.000679962
480	0.000645256
691	0.000967162
853	0.00107498
507	0.00106269
68	0.00102232
594	2.97059e-05
984	0.00306472
219	4.94002e-05
556	0.00691742
904	0.00126122
670	0.00111333
504	0.00564446
908	5.66212e-05
17	0.00956354
925	0.00109557
493	0.00328983
540	0.00248745
446	0.00322566
396	0.00404789
852	3.18782e-05
655	0.00528864
136	0.00188609
381	0.00393406
936	0.00054885
976	0.00328994
158	8.84999e-05
156	3.89731e-05
89	2.25317e-05
143	0.000117345
896	3.55334e-05
82	0.000339034
13	0.000186516
312	1.48698e-05
322	3.30985e-05
259	0.000336794
612	0.000339484
1	1.57991e-05
703	0.000266204
216	3.80604e-05
743	5.5404e-05
879	0.00021303
26	0.000120845
728	0.000212493
982	0.000330484
46	0.000339479
589	3.20605e-05
114	0.000243767
997	6.6132e-05
833	5.21499e-05
23	3.23981e-05
761	0.000369951
581	0.000293092
698	0.000227541
643	0.000245872
675	0.000218522
597	0.000378805
508	6.29256e-05
514	0.000186395
139	4.59442e-05
586	0.000254411
653	0.000230194
152	0.000326631
185	0.000227002
532	0.00032839
945	3.18194e-05
961	2.25454e-05
190	4.20093e-06
125	8.25983e-06
497	3.48088e-05
425	4.43837e-05
709	2.52046e-05
254	2.96619e-06
364	2.55685e-05
73	7.29817e-06
18	1.99875e-05
404	2.56419e-05
686	6.81379e-06
355	2.8286e-05
289	5.61989e-06
205	3.57219e-05
280	1.70559e-05
484	3.54601e-05
792	2.42283e-05
878	1.01233e-05
767	2.59046e-06
774	7.06273e-06
367	0.000205771
888	1.61202e-05
620	2.902e-05
954	4.75347e-05
365	1.41772e-05
256	1.79314e-05
258	1.6672e-05
486	2.60858e-05
613	1.62985e-05
899	7.55904e-06
732	0.000274539
671	1.28827e-06
836	5.40809e-05
822	1.4458e-05
955	1.94194e-05
875	1.43661e-05
341	0.000267291
509	2.31639e-05
639	9.45084e-05
409	0.000342225
306	1.62714e-05
63	0.000474216
701	0.00143362
780	4.91029e-05
410	0.00104802
210	0.000326829
884	3.74809e-05
898	3.82079e-05
187	0.00126358
453	0.000629834
986	3.86322e-05
905	8.10654e-05
714	0.000704368
31	0.000684412
350	3.3887e-05
672	1.42075e-05
831	0.000262623
14	0.000898976
157	0.00051122
45	3.14299e-05
995	0.000164303
935	0.00015968
57	0.000163355
337	4.70921e-05
169	0.000150774
93	0.000133678
868	0.000159498
535	6.19308e-05
377	7.34515e-05
99	0.000161844
417	6.75178e-05
401	4.03997e-05
829	0.000155746
358	0.000121125
290	2.42466e-05
939	0.000163093
583	0.000155708
662	6.00556e-05
901	5.35828e-05
456	4.55241e-05
995	4.1743e-05
352	4.43252e-05
463	2.2986e-05
99	5.1847e-05
745	3.98576e-05
829	5.02776e-05
929	4.07509e-05
572	4.3054e-05
519	4.1597e-05
939	5.14705e-05
813	4.56708e-05
868	4.65492e-05
726	4.46672e-05
935	4.6993e-05
95	4.18549e-05
277	4.23376e-05
632	4.26031e-05
295	4.20015e-05
234	4.38939e-05
681	0.00162191
978	1.79521e-05
154	0.0018345
167	0.00184987
386	0.00185252
272	0.00122553
534	0.00179093
891	0.000572538
757	0.000278009
803	0.00186727
29	2.88236e-06
570	0.00125153
634	0.000594393
251	4.11369e-07
127	0.000409787
784	0.0011188
830	0.000979068
542	8.2705e-07
22	0.00185515
196	0.000150671
803	0.000546134
784	0.00066238
668	3.40514e-05
534	0.0002137
473	0.000222497
830	0.000694031
941	0.00027667
167	0.000554395
241	0.000846126
107	0.00042537
154	0.000621115
700	0.000475306
841	0.000120611
144	0.000315327
857	0.000341716
330	0.00046473
22	0.00056854
681	0.000571769
128	4.71002e-05
386	0.000555177
831	5.10741e-05
780	6.84997e-06
350	1.35501e-05
884	1.13062e-05
898	1.10053e-05
410	0.00161017
905	3.49864e-06
701	0.00223997
210	0.000759594
63	0.000964499
453	0.000266406
986	1.06971e-05
31	0.00114912
14	0.00155375
306	3.04364e-05
672	6.9592e-05
409	0.000777383
187	0.00202633
714	0.00128996
157	0.00102321
742	0.000249515
483	0.000147203
926	0.000177236
708	0.000204821
268	0.000219721
2	0.000268305
10	0.000252441
297	0.000224155
625	0.000218247
607	0.000206462
42	4.78238e-05
163	0.000225476
115	0.000308
814	8.41591e-05
351	5.37883e-05
663	6.07446e-05
923	0.000123288
469	0.000273417
129	3.59148e-05
873	2.96805e-05
33	2.20172e-06
334	1.42494e-06
64	3.85103e-06
736	7.5719e-07
887	1.23777e-06
477	4.37646e-07
329	4.08907e-06
489	1.95666e-06
718	1.64321e-06
751	3.32792e-06
877	3.52864e-06
110	1.37895e-06
741	2.5354e-06
168	2.43523e-06
324	2.28521e-06
818	3.00267e-06
692	1.72539e-06
890	1.25695e-06
335	1.68614e-06
633	2.45157e-06
161	1.004e-05
109	1.26548e-05
319	0.413737
173	0.413802
912	9.69031e-06
490	0.412331
369	0.412478
412	0.412504
181	0.409489
932	0.413755
608	0.413837
208	0.413756
856	1.21607e-05
242	0.413645
835	0.413962
638	0.414091
666	7.65783e-07
930	0.404144
438	8.7325e-06
524	0.411534
137	0.000119474
67	2.09619e-05
618	0.000104358
346	7.36907e-05
436	6.80452e-05
906	0.00012024
203	8.47481e-05
175	0.000145218
459	7.92327e-05
66	0.000100455
697	4.49043e-05
373	5.46378e-05
918	0.00011844
804	0.000127122
630	8.38412e-05
716	5.42653e-05
720	0.000174622
479	7.99382e-05
738	0.000152732
756	2.71513e-05
558	0.000440773
834	0.000391155
269	9.9385e-05
660	0.000479167
374	0.000469061
771	0.000432222
135	0.000261306
323	0.000496479
769	0.000323523
435	0.000430252
302	0.000477488
78	0.00032767
474	0.000532998
999	0.000298706
536	0.000472626
245	0.00033104
584	0.000778444
212	0.000730187
552	0.000527754
951	0.000632011
194	0.0042117
423	0.0104999
993	0.00912237
155	0.00239325
279	0.00873601
734	0.00575654
294	0.00683448
130	0.00817531
195	0.00996262
100	0.00606525
579	0.00808885
712	0.00818094
466	0.00817242
883	0.0109422
832	0.00792576
394	0.00308605
85	0.00297053
808	0.00813794
533	0.00561495
623	0.00995672
450	9.59084e-05
609	0.000104796
46	0.000102495
612	0.000101993
931	9.94009e-05
82	0.00010053
636	9.2252e-05
982	0.000103086
747	9.73524e-05
83	0.000108667
889	1.99938e-07
619	0.000101596
244	9.51021e-05
259	0.000104383
658	9.17227e-05
815	9.28757e-05
354	7.62819e-05
19	9.28463e-05
428	9.21037e-05
555	6.44936e-05
8	0.000141593
153	0.0002824
201	0.000136308
729	0.000181726
812	0.000240545
740	0.000125011
320	0.000395392
465	0.000158733
454	0.000333473
647	0.000129345
722	2.00154e-05
550	0.000104717
615	0.000191475
304	5.93446e-05
580	0.000273042
947	0.000161395
43	0.000124218
661	0.000123168
171	0.000122963
960	0.000202686
589	1.94175e-07
114	0.000349364
675	0.000319946
514	0.000281998
997	0.000131413
945	1.48768e-07
653	0.000159123
586	0.000362067
23	2.9789e-07
643	0.000351632
581	0.00037753
532	0.000249429
698	0.000168488
833	0.000111123
139	0.000100927
508	3.72765e-05
152	0.000240289
185	0.000330264
761	0.000284106
788	0.000319555
19	0.00013021
244	0.000135535
701	1.83071e-05
450	0.000125417
612	0.000141414
658	0.000115274
46	0.000141045
187	3.8293e-06
747	0.000138708
259	0.000142045
619	7.84723e-05
815	0.000133174
555	0.000116876
157	0.000132552
714	6.29342e-05
14	1.68874e-05
83	0.000119504
609	0.000136317
428	0.000131187
636	0.00013266
679	7.8818e-05
752	0.000148916
553	8.52832e-05
965	0.000214952
299	4.39735e-05
626	4.57987e-05
563	0.000210327
503	0.000170344
585	1.18432e-05
680	0.000223586
567	5.89184e-05
274	4.92228e-05
854	4.62894e-05
15	6.52938e-05
790	9.35377e-05
969	3.01478e-05
702	0.000140455
427	0.00013532
723	0.000147374
51	7.17969e-05
230	0.264741
150	0.26402
870	0.168615
267	0.261247
237	0.265905
438	1.09399
949	0.263383
222	0.163915
635	0.164805
161	1.09396
495	0.971283
380	0.168247
724	0.00592005
919	0.161402
711	0.168278
236	0.385058
202	0.197216
443	0.168609
628	0.37125
942	0.166374
257	0.000672361
525	0.00125492
766	0.000189271
209	0.000559919
108	0.00151021
296	0.000648146
286	0.000650189
691	0.00126128
253	0.00148806
560	0.0014314
811	0.000541882
754	0.000596512
881	0.00133268
347	0.000813133
68	0.00133869
480	0.000438399
507	0.00136823
420	0.000706054
247	0.00135455
853	0.00138006
805	0.000586713
606	0.0162128
378	0.0305121
198	0.00579415
397	0.0443509
872	0.00191517
437	0.0486312
431	0.00806265
385	0.000843789
973	0.00675358
487	0.00717174
305	0.0122275
321	0.016162
60	0.0485803
264	0.00217959
105	0.000846637
975	0.0091575
120	0.00417628
379	0.0102482
233	0.00748652
809	1.65003e-07
432	1.19095e-07
121	4.45075e-05
49	3.61902e-08
271	4.67109e-08
990	2.03846e-05
7	7.23806e-08
799	4.42381e-05
590	6.78609e-07
141	7.82297e-05
117	4.80404e-06
407	3.99065e-07
517	5.81781e-05
250	0.00052809
353	0.00017599
148	1.89031e-06
744	5.62072e-05
816	4.80813e-05
330	0.000343953
440	6.3011e-05
564	0.000367643
896	7.22138e-07
778	0.00037813
216	2.74312e-07
13	0.000251788
158	0.000119844
897	0.000300192
156	1.85966e-07
312	5.74412e-05
322	6.36741e-05
26	2.25414e-05
982	0.000442634
703	0.000104246
743	7.23848e-05
1	2.08715e-05
879	9.55886e-05
249	0.000444936
728	9.26576e-05
89	7.94452e-06
143	0.000170516
360	6.11225e-05
923	1.0599e-05
2	4.80064e-06
607	1.38455e-07
115	1.14747e-05
778	0.000180312
483	5.37175e-06
749	0.000103741
814	8.83056e-05
926	1.19528e-06
351	0.00012809
42	5.52383e-05
163	6.26012e-07
268	2.35997e-07
416	5.42338e-05
663	4.45339e-05
564	0.000192696
708	1.56609e-07
129	7.01051e-05
10	2.6369e-06
791	3.83967e-06
368	6.49192e-06
916	0.000119411
543	1.23034e-05
186	4.68636e-05
215	0.000101279
573	1.91859e-07
491	0.000171423
16	3.43715e-05
260	2.83488e-05
179	4.16818e-07
357	8.42601e-08
551	5.51155e-07
91	1.81504e-06
996	2.8651e-08
229	1.38991e-05
184	8.91093e-07
785	3.73181e-05
146	1.89709e-05
79	9.30726e-06
212	0.00118322
474	0.000883866
706	0.0031893
871	0.000185413
293	0.000636072
235	0.000215511
584	0.000620636
523	0.000354229
999	0.00157014
992	0.00112421
769	0.00128674
834	0.00271036
166	0.000766769
413	0.00211737
819	0.00152658
914	0.00109532
135	0.00233452
189	0.00111126
903	0.0017694
967	0.00308271
564	0.000214461
158	0.00023346
778	0.000223097
156	2.49764e-05
26	2.54623e-05
896	2.93264e-05
897	0.000174808
749	0.000367673
216	2.59091e-05
143	0.000304149
89	5.45208e-05
728	2.90314e-05
703	3.29125e-05
743	0.00016601
13	0.000407194
879	3.15401e-05
249	0.000297048
312	0.000104821
1	8.3447e-05
322	0.000156623
6	4.88339e-05
356	0.000853054
656	0.000682783
332	0.00105928
262	0.000350201
801	5.66852e-05
777	0.00101077
574	0.000703762
783	0.000253149
621	0.00103833
71	0.000220697
705	0.000252529
674	0.00110553
546	0.000262379
810	0.00108249
384	0.000261233
907	0.00101059
395	0.000147865
103	0.000975551
645	0.000135112
35	0.000127626
248	0.000129114
393	0.000205173
27	0.000202461
928	0.000127651
59	0.000194777
25	0.000250932
693	0.000224549
770	2.11277e-06
106	2.11263e-05
869	0.000232724
30	0.000129656
429	0.000201548
383	0.000219886
398	0.000208545
160	0.000167223
336	6.88076e-05
566	0.000220798
795	0.000237487
648	6.18876e-06
558	1.30828e-05
769	0.000723864
302	2.01597e-05
660	2.03913e-05
374	1.87094e-05
771	1.19325e-05
819	0.000749357
323	2.43448e-05
485	0.000945985
435	1.1869e-05
78	2.8946e-05
950	0.000218452
86	0.000772323
269	7.28605e-05
536	1.92973e-05
245	7.06537e-07
834	0.00015031
212	0.000867354
951	0.000135767
552	0.000129159
554	0.00074198
787	8.22768e-06
482	0.000549159
664	0.00014811
603	2.53887e-05
529	6.07716e-05
243	0.000178256
366	0.00026285
522	0.00054064
56	0.000535002
104	0.00020162
113	1.20083e-05
972	0.00060809
793	0.000773255
492	0.000854366
759	1.63846e-05
739	0.000213854
278	0.000140227
151	0.000459032
287	0.000705601
336	6.1246e-05
248	5.68608e-07
795	4.35556e-05
27	1.19337e-05
928	1.19215e-05
59	1.4711e-05
25	2.32283e-05
565	7.092e-05
331	6.58128e-05
30	9.59197e-06
869	3.85215e-05
566	3.85879e-05
398	1.39387e-05
462	3.46047e-05
160	6.31452e-06
393	4.51742e-05
35	1.12541e-05
429	1.79985e-05
383	3.92468e-05
442	4.53707e-05
697	8.60144e-05
137	4.18569e-06
66	8.93481e-05
738	0.00014222
436	9.22865e-05
983	0.000239378
67	0.000116321
203	9.12363e-05
756	0.000105216
373	1.68429e-05
720	0.00017085
918	4.12652e-06
630	9.42614e-05
459	9.10377e-05
175	9.49859e-05
479	9.14514e-05
906	0.000140578
865	9.34696e-05
618	9.41325e-06
346	8.92303e-05
333	0.0022302
621	0.00180294
422	0.00165284
118	0.00230623
988	0.001594
674	0.00186097
103	0.00209917
65	0.00155601
953	1.1803e-06
138	0.00231804
276	0.000686297
755	0.00141763
758	0.000330708
348	0.00162461
656	0.00199583
810	0.00180317
731	5.63114e-07
69	0.00120251
388	0.000591092
725	0.000564021
658	0.000574561
714	0.000495917
354	0.000521324
19	0.000574704
187	0.000570775
410	8.7593e-05
31	0.00024343
428	0.000572575
631	4.04882e-06
281	1.10279e-08
889	0.000195275
848	2.4939e-08
569	1.92181e-08
14	0.000512774
815	0.000574086
426	0.000302739
555	0.000501588
636	0.000572607
701	0.000573932
63	0.000556209
435	1.10211e-06
769	0.00088295
302	6.5959e-08
660	5.22358e-08
536	8.14105e-08
771	9.32152e-07
819	0.000781323
323	4.20147e-07
485	0.00070039
558	5.44992e-07
78	3.99197e-05
950	0.000109786
862	0.000833756
86	0.000552713
374	1.22941e-07
245	1.26073e-05
834	0.000163589
269	0.000164578
552	0.000144474
951	0.000126055
100	0.0134824
924	0.029835
263	0.0266934
712	0.0270672
533	0.0135528
130	0.0271609
195	0.0313336
394	0.00813494
466	0.0271447
85	0.029456
294	0.0229937
47	0.00964024
734	0.0272965
772	0.0124014
155	0.0205294
808	0.0269769
279	0.0299412
313	0.0286842
832	0.0270933
194	0.020008
545	0.000275461
114	1.24327e-05
768	0.000181278
678	0.000380546
945	0.000248977
581	3.23952e-05
494	0.000388888
586	1.48943e-05
997	1.62901e-05
643	1.29198e-05
139	2.98901e-05
589	0.000250538
597	6.57714e-05
514	2.5258e-06
675	7.29271e-06
680	0.00035275
23	0.000253364
185	8.87276e-06
833	2.47935e-05
387	0.000174781
352	0.000127674
57	8.41998e-05
935	0.000133609
797	2.09209e-05
99	0.000111281
939	0.000110682
726	0.00012588
405	8.52244e-06
169	0.000114162
860	1.53165e-05
829	0.000127312
456	0.000128117
813	0.000126991
309	2.47944e-05
946	9.63381e-06
644	2.98448e-06
88	8.9914e-06
74	2.74251e-05
252	9.22855e-07
234	0.000131702
621	0.00112963
725	3.77454e-06
592	0.00154649
69	0.00154964
65	0.000326361
348	0.000367091
591	0.000710502
53	0.00097444
656	0.00155922
388	9.96239e-07
758	5.05585e-05
422	0.00037442
731	0.000601778
755	0.000205113
953	0.000570811
103	0.00126539
674	0.00109259
276	0.000153796
810	0.00109424
855	0.00161326
794	0.000557821
667	0.000430046
775	0.00062139
80	0.000494138
970	0.000525673
820	0.000613218
957	0.000410622
448	3.42725e-07
211	1.01608e-06
518	8.12259e-06
231	5.7175e-07
600	0.000609449
677	2.33103e-07
370	0.000365866
0	6.09343e-07
37	0.000562381
214	0.000451064
596	0.00042127
328	1.42147e-06
165	0.000634701
962	0.000101135
685	0.000882027
622	0.00226772
779	0.00216601
730	0.00196112
649	0.00203613
966	0.000875078
41	0.000447168
773	0.00209266
390	0.000420569
451	0.00275363
227	0.00197639
371	0.00186592
415	0.000406546
94	0.000434587
3	0.00225359
604	0.00247207
21	0.00208281
119	0.00206096
521	0.00273453
360	0.00038248
858	0.000185882
926	0.000277305
607	0.000292346
163	0.000262153
897	0.000470437
42	0.000382851
351	0.000292501
923	0.000304787
10	0.0002886
483	0.000280775
416	0.00036099
115	0.000307787
2	0.000242286
749	0.000271299
663	0.000342039
268	0.000279065
708	0.000293531
129	0.000397992
814	0.000229275
230	0.0150597
150	0.0149806
202	0.00170459
267	0.0144147
237	0.0151578
549	0.500981
628	0.0426093
236	0.0474138
724	0.185449
616	0.469999
495	0.368155
380	1.00488e-05
942	0.00991868
949	0.0150069
711	8.82185e-06
919	0.0105087
870	1.23565e-05
443	1.26885e-05
635	0.0105236
222	0.0104917
453	0.0537577
898	0.0591339
672	0.0583077
101	0.00637609
986	0.0592011
157	0.0655933
851	0.00643311
715	0.00362725
409	0.0645327
905	0.0581011
350	0.0594321
831	0.0595641
306	0.0592793
224	0.00681285
980	5.57338e-05
780	0.0588113
571	0.00814093
210	0.0631137
131	0.00659667
884	0.0592326
227	3.76895e-05
266	0.000136407
709	0.000256803
371	5.86254e-06
685	0.000276721
451	0.000101116
779	1.06587e-05
792	0.000261811
425	0.000243423
205	0.000232853
961	0.000283818
521	0.000169277
280	0.000294743
119	4.76569e-07
966	0.000273769
364	0.000262786
18	0.000283444
76	0.000201373
649	1.84575e-07
21	6.5129e-06
720	7.83672e-05
544	4.33906e-05
694	0.000320366
716	0.000451863
738	9.71295e-05
826	1.25616e-06
112	1.39446e-06
642	0.000215967
375	0.000414675
207	2.26181e-05
38	3.4088e-05
847	9.9841e-07
9	3.90799e-05
646	5.56479e-05
373	0.000297963
67	0.000515513
906	8.92423e-05
164	1.38501e-05
748	7.71392e-06
885	4.29438e-05
324	2.03384e-07
477	4.49055e-07
887	2.29785e-07
741	8.63951e-08
168	5.00652e-07
329	5.80929e-07
818	2.23921e-07
890	5.73691e-07
692	3.25421e-09
110	1.41344e-06
877	9.04601e-07
220	1.55934e-06
718	6.42949e-10
334	3.7811e-07
736	2.50298e-07
633	7.1319e-08
335	5.56571e-08
751	3.27429e-07
64	1.02074e-06
33	3.48922e-08
249	0.000239149
89	7.22562e-05
778	0.000207912
216	3.96476e-05
728	3.30468e-05
896	4.34949e-05
897	0.000179385
749	0.000374473
1	0.000105077
743	0.000183792
158	0.000251675
26	1.9501e-05
703	2.08618e-05
360	0.000396342
143	0.000326033
879	3.67184e-05
564	0.000197725
312	0.000147161
156	3.85252e-05
322	0.00018051
876	8.38532e-07
591	0.00241349
271	0.00277926
590	0.00273973
117	0.0028416
579	0.00156112
423	0.00202952
407	0.00280837
308	0.000728879
7	0.00277876
206	0.000757391
614	2.90004e-06
744	0.00228348
62	0.000711796
49	0.00277992
138	0.00133197
148	0.00266576
809	0.00279674
432	0.00278447
141	0.00233592
554	9.26437e-05
739	0.000304172
673	0.000203908
664	0.000481354
603	0.000417561
727	0.000163052
482	2.61349e-05
366	8.34847e-05
61	0.000249736
56	0.000185393
793	0.000180663
113	0.000523002
972	0.000227115
104	0.000399943
243	0.000257383
759	0.000519487
529	0.000354567
4	1.8141e-05
151	1.83257e-05
287	1.76109e-05
81	0.00893558
984	0.00299481
136	0.00196501
219	4.04064e-07
594	1.31617e-06
396	0.00327234
556	0.00780131
504	0.0047272
540	0.00188384
925	0.00132735
493	0.00401948
904	0.000965205
446	0.00257434
908	1.14314e-06
670	0.001333
655	0.00438529
852	1.11466e-06
381	0.00315938
936	0.000642498
976	0.00401954
992	4.88138e-07
474	0.00400012
981	0.00372496
212	0.00408251
527	0.00291649
903	0.00393437
189	0.00375956
413	0.00614609
871	0.00216223
819	0.00450132
584	0.00341963
769	0.00468518
235	0.00230711
293	0.00292488
999	0.00541237
967	0.00625989
523	0.00276215
914	0.00345763
166	0.00173315
706	0.00287787
981	0.0040768
967	0.00990744
706	0.00335889
235	0.00627529
474	0.00890653
166	0.0052733
769	0.0100069
413	0.0112398
212	0.00918868
527	0.00341723
914	0.00685965
999	0.010793
819	0.00980832
584	0.00802197
903	0.00880338
189	0.00870077
523	0.00697145
992	0.00103635
293	0.00740392
871	0.0060608
32	2.18522e-05
342	0.000466988
895	0.000512282
232	0.000462158
340	0.000546752
430	0.000514271
721	6.75782e-05
880	0.000107371
849	0.000445559
882	8.27461e-06
746	5.68112e-05
478	2.95745e-08
441	1.58198e-05
798	8.11388e-05
301	8.38836e-06
261	6.71236e-05
147	6.98362e-05
886	0.000403916
12	7.95376e-05
528	2.12414e-05
120	0.0131313
487	0.00125001
233	0.000680018
264	0.00720153
321	0.0290645
105	0.00300786
385	0.00313134
975	0.00684444
437	0.0362382
872	0.00356017
973	0.0020821
431	0.000881759
60	0.0362026
805	0.00615514
198	0.0140415
379	0.0105904
606	0.0291111
967	0.040742
378	0.0397428
305	0.0176842
957	0.000217573
70	0.000125809
667	0.000231681
228	5.03976e-05
970	0.000219546
165	0.000129861
627	3.38322e-07
80	0.000236654
652	1.23496e-05
775	0.000152954
596	4.46114e-05
864	0.000149006
72	5.66974e-07
98	0.00016698
214	0.00021771
467	0.000143364
226	0.000223937
270	0.000135282
183	2.58666e-05
601	5.75898e-07
866	7.04074e-07
760	0.0832333
394	0.260402
307	4.6484e-06
481	3.1263e-06
223	5.38776e-07
499	1.22961e-08
971	0.0682263
255	0.213127
582	0.0189451
568	3.53013e-06
717	0.0242866
772	0.189434
291	0.0274424
47	0.108211
218	0.000104315
520	2.27154e-06
162	0.0189569
806	1.9117e-06
124	0.0190682
714	4.02385e-05
410	0.000218419
210	4.48264e-05
889	0.000388556
672	0.000582305
658	0.000568044
63	2.74146e-06
31	0.000109294
83	0.000589943
701	0.000328782
187	0.000255682
631	0.000460737
555	0.000541919
569	0.000521373
409	1.52625e-05
619	0.000500651
281	0.000521346
14	0.000103544
848	0.000519834
157	1.17252e-05
648	0.00160856
682	0.00121242
770	0.00160259
498	0.000974277
172	0.000899374
341	0.000994434
181	0.00115093
669	0.000715454
693	0.00124904
449	0.00149061
874	0.000988789
958	0.000879324
500	0.000986921
732	0.000993982
106	0.00161464
393	0.0015863
930	0.000744532
524	0.00124132
369	0.0014771
367	0.00123284
686	0.00123814
750	0.00094303
765	0.000437886
598	0.000294747
561	0.00094011
317	0.000374759
190	0.00124495
648	0.00102323
770	0.0010905
497	0.00109353
878	0.00119554
404	0.00119383
484	0.00109294
126	7.19992e-05
355	0.00104749
336	0.000930852
106	0.000957128
767	0.00125596
823	0.000446368
125	0.00117736
234	4.73231e-05
470	2.61174e-05
295	4.12317e-05
611	4.67831e-05
399	1.63006e-05
583	1.64949e-05
496	4.60384e-05
929	3.93791e-05
358	1.49785e-05
519	3.82073e-05
95	4.29746e-05
745	3.46809e-05
868	4.38374e-05
995	3.18257e-05
935	4.55971e-05
572	5.67466e-06
632	4.48738e-05
277	4.45445e-05
174	4.53223e-05
193	3.22587e-05
33	4.88692e-06
220	5.31075e-06
818	6.1016e-06
329	7.19635e-06
751	6.52558e-06
692	4.62309e-06
334	6.62369e-06
489	5.69052e-07
736	4.78608e-06
890	1.84834e-06
887	5.81389e-06
741	5.12874e-06
335	3.47912e-06
633	5.05569e-06
343	4.88691e-06
629	1.90073e-06
110	9.74295e-07
324	6.4777e-06
718	4.30699e-06
477	3.37609e-06
407	7.82718e-05
799	0.000184749
7	7.61488e-05
590	8.85931e-05
809	7.53006e-05
990	0.000154832
432	7.66748e-05
121	0.000184529
148	9.8224e-05
353	6.8154e-05
117	0.000106324
700	0.000561505
440	1.23855e-06
141	0.000302338
49	7.17043e-05
816	6.97795e-05
744	0.00025207
271	7.48223e-05
330	0.000270512
517	3.18051e-05
636	3.26035e-05
609	2.9419e-05
158	2.75813e-05
244	3.09096e-05
428	3.32627e-05
612	2.75804e-05
450	3.53288e-05
931	2.75016e-05
46	2.76694e-05
82	2.71669e-05
19	3.35615e-05
259	2.70745e-05
354	2.91937e-05
143	9.38086e-06
982	2.46717e-05
747	2.92708e-05
83	3.76081e-05
658	4.11352e-05
815	3.22741e-05
13	1.52488e-06
634	0.000398454
386	7.59448e-07
803	4.29685e-07
857	0.000146283
830	0.00023014
128	0.000258128
668	0.000489503
784	0.000133186
353	0.000716284
681	1.27582e-05
107	5.49725e-06
534	0.000249849
700	0.000122615
510	0.000975128
941	4.14597e-05
841	0.000929105
22	1.12074e-06
330	0.000487588
167	7.76833e-07
154	4.36248e-06
688	0.000150331
192	0.000164938
180	0.0001732
140	0.000174416
225	0.000179764
944	0.00011472
182	0.000158382
735	0.00015982
922	0.000171305
282	0.000185372
461	0.000165462
199	7.50716e-05
665	0.000185119
952	0.000169946
298	0.000181249
974	0.000184305
753	0.000180924
893	0.000152182
444	0.000183706
344	0.000139175
816	7.46745e-05
799	0.000181324
7	6.85006e-05
590	8.00737e-05
809	6.796e-05
990	0.000147754
432	6.9109e-05
121	0.000181203
148	8.83252e-05
353	8.34917e-05
117	9.912e-05
700	0.000606093
440	4.5772e-08
744	0.000233176
49	6.41612e-05
407	7.10621e-05
141	0.000283387
271	6.72081e-05
330	0.000296923
517	3.74964e-05
907	0.000598854
920	0.000170559
656	8.65594e-05
855	0.000529363
65	0.000587352
348	0.000552705
985	0.000227204
422	0.0005678
810	1.33261e-05
103	6.56961e-08
592	0.000141232
674	8.65103e-06
69	0.000601284
356	0.000142885
801	0.000597822
53	0.000643354
326	0.00027371
262	0.000522515
621	1.55795e-05
948	0.000458417
304	0.00045372
580	0.00038306
812	0.00033369
270	0.000220532
211	0.000409631
370	1.1431e-05
677	0.000409157
178	8.12163e-05
448	0.000395302
231	0.00039161
550	0.00022733
959	0.00026678
794	1.78342e-05
0	0.000369708
183	0.000360506
37	1.69898e-05
328	0.000344546
228	0.000303318
418	0.000317695
596	0.000324581
774	2.00954e-05
367	0.000337909
888	4.53668e-07
899	2.21225e-05
954	1.39884e-05
365	2.10064e-07
620	6.91583e-06
258	2.54968e-05
486	2.25068e-05
613	3.5267e-05
713	0.000329783
763	0.00021936
671	2.56853e-05
836	2.87141e-05
509	1.21267e-06
875	7.73416e-08
822	2.41613e-07
256	9.10475e-06
955	2.59847e-07
639	3.29336e-05
961	1.70389e-05
190	6.87123e-06
125	1.23003e-05
497	4.14104e-05
425	3.68626e-05
709	1.87291e-05
254	1.35145e-06
364	1.92713e-05
73	9.92154e-06
18	1.45585e-05
404	3.01848e-05
686	9.7671e-06
76	3.79336e-05
289	4.25883e-06
205	2.8098e-05
280	1.21214e-05
355	3.53789e-05
792	1.79617e-05
878	1.39799e-05
767	4.94534e-06
514	0.000911064
788	1.38765e-05
114	0.00103322
96	0.000327859
23	0.000192067
152	3.3665e-06
945	0.000196581
698	2.23485e-06
938	0.000839
653	3.88298e-06
997	0.000607233
761	7.12731e-06
508	7.69118e-05
36	0.000150314
532	2.44196e-06
833	0.000562098
675	0.000980554
589	0.000195044
139	0.000539996
185	0.000998564
933	0.000229685
766	0.000137977
257	4.81732e-05
507	0.000147001
575	0.000283484
824	0.000224907
853	0.000153958
562	0.000360085
134	0.000329378
489	0.000399728
68	0.00012946
691	0.000111748
547	0.000307006
110	0.000407469
811	7.48054e-05
420	0.00016662
108	0.000316002
286	0.00015212
629	0.000333909
900	0.000300642
962	0.000173596
792	0.00253193
227	0.00158591
779	0.00187557
266	0.00227992
451	0.00222518
41	3.73399e-07
94	4.74241e-09
649	0.00186728
76	0.00251473
371	0.00165524
390	2.54092e-07
119	0.00188966
425	0.00228321
415	1.11146e-06
966	0.000710367
685	0.000701379
21	0.00181824
280	0.00254978
521	0.0020427
702	0.000303643
51	0.000151506
865	7.99154e-05
585	0.000176571
274	2.60895e-05
790	0.000323701
299	0.000286084
679	8.3199e-06
626	2.0217e-05
553	0.000159837
618	0.000265774
918	0.000268571
137	0.000267793
175	0.000257387
969	6.64365e-05
587	7.3069e-05
15	7.93673e-05
567	2.00455e-05
983	4.89882e-05
854	1.98867e-05
133	1.15109e-05
275	0.00369425
361	1.07119e-05
556	0.00228836
622	0.00203728
762	8.62463e-06
390	0.00436771
915	6.63561e-06
773	0.00210226
17	0.000678898
3	0.00204087
730	0.00205287
776	0.00286657
48	0.00277423
976	0.003193
415	0.00430859
962	0.00377631
604	0.00203372
94	0.00442665
493	0.00319287
636	2.02372e-07
244	8.00751e-08
658	1.27476e-06
747	1.84063e-08
428	2.42455e-07
13	3.11956e-05
450	4.4337e-07
931	8.529e-09
46	1.8003e-08
82	8.51261e-09
19	2.51605e-07
259	4.99492e-08
354	3.28075e-06
619	9.86839e-06
982	1.13989e-07
609	1.48727e-07
83	1.52749e-06
612	1.08569e-08
815	1.72865e-07
555	4.14018e-06
846	0.00343877
891	0.00179159
24	0.00299263
316	8.19362e-05
77	0.00277093
213	0.00123055
542	0.0042962
327	0.0032911
757	0.00246649
978	0.00392586
457	0.00221792
602	0.00208532
20	0.00330369
837	0.00311942
927	0.00319282
476	6.73327e-05
402	0.00329152
127	0.00224396
510	0.00279409
196	0.00407581
100	0.0421268
808	0.0619434
712	0.0620899
394	0.0267121
194	0.0489014
155	0.0462746
832	0.0618231
993	0.0581639
130	0.0621844
971	0.0437832
734	0.0591848
47	0.0212639
294	0.0559507
772	2.33978e-07
255	0.0210635
850	0.0292016
466	0.0621637
85	0.0556323
533	0.0417203
839	0.0319494
526	1.95571e-07
577	0.000100434
132	4.55603e-05
464	0.000113404
531	4.44064e-05
537	0.000625802
522	0.00043927
793	0.000297227
92	2.307e-05
434	2.41776e-05
501	0.00011052
39	3.02485e-05
40	0.000226188
559	2.17089e-05
695	0.000130634
55	8.64222e-05
283	3.84467e-05
502	8.89889e-05
338	0.000517608
149	0.000592794
333	0.00221747
621	0.00178546
422	0.00164872
118	0.00228408
988	0.00161266
810	0.00178612
103	0.00208102
348	0.00162035
953	7.26503e-07
138	0.0023461
276	0.000695998
755	0.00142519
758	0.000330684
65	0.00155228
674	0.00184411
69	0.00118257
731	2.02534e-07
656	0.00197443
388	0.000594124
725	0.000567492
150	0.0449016
202	0.019809
870	0.0117975
267	0.0442086
237	0.0447881
549	0.517036
949	0.0451673
222	1.87218e-05
635	1.45354e-05
616	0.468183
495	0.412595
380	0.0115618
724	0.196034
919	4.08462e-05
711	0.0114914
236	0.0755345
230	0.044892
443	0.0118088
628	0.070576
942	4.74106e-05
789	5.80459e-05
383	6.03247e-05
795	6.30706e-05
27	1.67149e-06
928	3.31863e-05
59	1.68565e-06
25	2.10576e-05
331	8.41803e-05
336	6.19622e-05
30	2.89104e-05
462	3.77421e-05
566	5.9094e-05
398	2.18802e-06
160	1.04766e-09
442	5.11102e-05
248	3.66192e-06
35	3.20534e-05
429	2.9188e-06
393	7.22834e-05
869	5.6218e-05
462	1.20249e-05
565	8.23262e-08
835	1.41806e-07
208	3.2942e-07
383	5.64748e-06
331	3.02794e-08
412	3.3926e-06
490	7.7783e-06
242	4.91285e-07
932	3.29262e-07
869	4.15144e-06
319	2.98121e-07
608	2.86199e-07
638	2.52269e-07
795	3.23964e-06
566	5.51262e-06
173	2.88881e-07
439	1.69982e-07
393	9.73258e-06
442	6.63291e-06
17	0.000738563
776	0.00312823
48	0.00302978
976	0.00355999
622	0.00218412
730	0.00218001
390	0.00412533
361	4.34586e-05
3	0.00218696
493	0.00355983
604	0.00219277
275	0.0040376
133	1.96766e-06
415	0.00406967
915	5.96591e-07
556	0.00260604
962	0.00361759
773	0.00224023
94	0.00418092
762	3.12501e-05
324	3.74669e-07
477	2.78775e-07
887	2.8852e-07
751	5.54317e-07
741	2.06576e-07
110	1.03621e-06
818	4.16707e-07
64	1.38282e-06
692	4.9979e-08
168	7.23642e-07
877	1.23912e-06
329	8.66576e-07
718	2.30171e-08
334	4.79762e-07
736	2.12191e-07
33	1.24952e-07
335	2.3357e-08
489	1.4576e-06
890	3.48129e-07
633	1.83453e-07
283	0.000852119
526	0.00073737
907	0.000831172
40	0.000859225
92	0.000674946
727	0.000298503
502	0.00103002
4	0.000697353
793	0.000753201
55	0.00103397
149	1.60315e-05
151	0.00103788
132	0.00106592
559	0.000891553
764	2.96399e-07
482	0.00111968
39	0.000908621
828	7.51914e-05
287	0.000721819
434	0.000900026
470	0.000100439
337	1.44995e-06
662	4.39299e-06
583	6.43285e-05
611	0.000128884
401	4.89385e-07
193	9.99165e-05
93	4.63335e-05
174	0.000134254
372	0.000127793
995	0.000141893
901	2.77642e-06
290	5.45124e-07
377	8.48707e-06
535	5.07811e-06
45	3.37618e-09
399	7.26211e-05
496	0.000122615
358	5.15716e-05
417	6.5531e-06
545	0.000131022
752	7.99105e-05
854	0.000112348
965	0.000136179
299	1.0146e-05
51	7.99814e-05
563	0.000133346
503	0.000100415
969	6.46402e-05
427	7.09004e-05
626	0.000111606
567	0.000122127
585	6.50894e-06
553	9.31699e-05
790	5.18592e-05
680	0.000129888
274	0.000107232
15	0.000134529
723	7.82863e-05
702	0.000111816
85	0.00229803
734	0.00163581
988	0.00138174
138	0.000430922
832	0.00205511
308	0.00171897
876	0.00198913
62	0.00168718
279	0.00143528
737	0.00290497
614	0.00205863
466	0.00211099
712	0.00213925
294	0.00325111
276	0.0024429
579	0.000237828
423	3.74739e-08
808	0.00215607
195	0.00143901
130	0.00210654
167	0.000684836
602	0.00020194
941	0.00109529
402	0.000690116
830	0.000955655
20	0.000688583
24	0.000508337
327	0.00068821
700	0.00109047
634	0.000454879
803	0.000694417
891	0.000945799
196	0.000779234
386	0.00068406
107	0.000845739
681	0.000677621
510	0.000129198
784	0.000797733
154	0.000615909
22	0.000669825
313	0.00195473
100	0.0012712
294	6.74482e-08
924	0.00168256
279	0.000464272
734	0.000405753
130	0.000180461
988	0.00323591
808	0.000166257
466	0.000179199
832	0.000171401
737	0.00117604
194	0.000327614
195	0.000675511
423	0.0032432
712	0.000173802
85	0.00246194
155	0.00113051
421	0.00333455
533	0.00124065
594	5.12793e-08
984	0.00303313
136	0.00196742
219	3.20565e-06
81	0.00917448
540	0.00199984
556	0.00764959
504	0.00489358
396	0.00342513
925	0.00129177
493	0.00388131
904	0.00103092
446	0.00270787
908	5.67858e-06
670	0.00130023
655	0.00456011
852	2.21247e-07
381	0.00330481
936	0.00063046
976	0.00388139
81	0.00850969
984	0.00296453
852	1.09888e-05
219	3.72243e-06
594	1.19526e-05
396	0.00301211
556	0.00811124
504	0.00442859
540	0.00168707
908	1.78094e-06
493	0.00428872
904	0.000868993
446	0.00235386
925	0.0014162
670	0.0014172
655	0.00408232
136	0.00199306
381	0.00290544
936	0.000685388
976	0.00428877
407	0.000236736
799	8.73521e-05
121	8.70252e-05
49	0.000254832
117	0.000191504
990	0.000136038
816	0.00020382
148	0.000243601
590	0.000237432
432	0.000245049
330	0.000346534
744	0.000236743
517	0.000301577
141	0.00020053
809	0.000244381
353	0.000432023
271	0.000249499
7	0.000247354
440	0.000493329
250	0.000107865
734	0.00346748
737	0.000540899
279	0.00199377
130	0.00172024
808	0.00170923
52	0.00131834
832	0.00184664
988	0.00267942
194	0.00380277
313	5.72939e-06
924	8.54833e-05
533	0.00398668
712	0.00170125
466	0.00171902
333	0.0048177
421	0.000816008
100	0.00376854
195	0.00168894
294	0.00197068
263	0.00152757
743	0.000327781
1	0.000196767
879	5.53551e-08
26	0.000103155
89	0.000152528
778	0.000101588
897	6.10735e-05
749	0.000189489
156	0.000100298
312	0.000163499
216	0.000102065
416	0.000238008
703	1.98432e-05
360	0.000226072
858	0.00023183
564	9.80142e-05
249	0.000255397
728	3.01212e-08
896	0.000108805
322	0.000307451
558	0.00108412
78	0.000982512
771	0.00107414
536	0.00113598
374	0.00113172
999	0.000369282
769	0.000810283
834	0.00114281
135	0.000128606
552	0.000922754
302	0.00114214
435	0.00107361
474	0.000920145
269	0.000432254
660	0.00114348
245	0.000908655
60	0.000830748
437	0.000833988
951	0.00109868
413	0.000653337
324	2.65692e-07
741	1.99621e-08
887	6.19082e-07
477	1.12567e-06
168	6.20487e-07
343	9.59076e-07
818	6.42704e-08
329	2.02276e-07
692	1.5867e-07
890	1.01457e-06
877	8.21917e-07
220	8.03642e-07
335	2.25862e-07
334	7.62922e-07
736	7.83803e-07
633	2.56636e-08
751	1.02311e-07
718	1.77262e-07
64	8.76367e-07
33	5.42798e-08
589	3.77652e-05
114	0.000552616
152	0.000102146
833	0.000227177
23	3.65473e-05
945	3.83655e-05
698	5.1017e-05
514	0.000464304
643	0.000555735
653	5.20351e-05
997	0.000256182
761	0.000127219
586	0.000568673
532	0.000103383
36	0.000436674
508	3.2426e-07
675	0.00051428
185	0.000527347
139	0.00021323
788	0.000152212
774	1.56625e-05
367	0.000327645
888	8.90989e-08
899	1.74627e-05
954	1.27184e-05
365	1.5499e-08
620	5.2808e-06
258	2.76462e-05
486	1.76029e-05
613	3.66804e-05
763	0.000236087
713	0.000350671
671	2.23464e-05
836	2.4762e-05
639	3.55152e-05
875	1.35652e-07
822	5.80232e-09
256	6.12523e-06
955	4.43827e-07
509	1.15396e-06
948	0.000594985
674	1.1647e-06
705	0.000695734
53	0.00066145
656	8.29643e-05
855	0.000622055
985	0.000335737
65	0.00050705
103	1.34492e-05
348	0.000481133
592	0.000217351
262	0.000531497
546	0.000696327
621	2.39099e-06
326	0.000396982
356	0.000248646
422	0.000497387
69	0.000485935
810	4.41965e-07
920	0.000265545
545	0.00037537
114	3.97115e-05
768	0.000242288
508	0.000294521
945	0.000173677
581	6.67205e-05
678	0.000488479
586	4.40498e-05
589	0.000174933
675	2.99513e-05
139	7.76165e-06
997	1.89014e-06
597	0.000112241
514	1.88985e-05
643	4.05725e-05
680	0.000461197
23	0.000177185
185	3.31126e-05
833	5.24429e-06
387	0.000255355
554	0.000679856
787	2.93989e-05
482	0.000474036
664	7.85503e-05
603	6.84706e-06
243	0.000174952
113	5.73406e-09
366	0.000204161
522	0.000396443
56	0.00051516
104	0.000228222
278	0.000195314
972	0.000594342
793	0.000601632
4	0.000735161
759	4.05818e-07
529	5.96413e-05
739	0.000223219
151	0.000359411
287	0.000571563
819	0.000992943
269	0.00238088
769	0.000621152
523	5.09375e-05
871	3.11456e-05
166	0.000943173
992	0.00207212
78	0.00230315
999	0.000764018
834	0.00181367
135	0.00132526
474	0.000326402
235	2.22209e-05
914	0.000845867
212	0.000683013
584	0.000176619
293	0.000356255
189	0.00069701
903	0.0015083
413	0.00126747
225	1.01721e-08
142	1.17891e-06
282	2.28613e-07
735	4.84341e-06
182	1.94389e-05
952	1.85551e-06
372	1.4918e-05
58	1.21196e-06
665	2.12091e-07
611	1.56326e-05
444	5.01602e-07
140	1.39884e-06
974	3.38925e-07
922	2.40051e-07
461	3.78396e-06
180	3.15637e-06
298	2.29125e-07
496	1.74188e-05
688	9.4124e-06
174	1.50469e-05
95	1.01596e-06
277	1.2658e-06
352	2.28303e-06
995	8.21367e-09
939	5.09999e-06
295	7.56355e-07
632	1.31845e-06
929	5.39844e-07
99	4.95336e-06
519	3.95501e-07
829	2.23567e-06
813	2.31107e-06
868	1.17046e-06
745	1.33449e-07
935	1.46632e-06
169	4.46398e-06
234	1.75551e-06
57	1.2952e-05
456	2.15663e-06
726	2.53533e-06
608	0.000101697
795	0.000130075
835	0.00010541
393	0.000121082
173	0.000102403
331	0.000108875
932	0.000102054
490	6.13137e-05
412	8.16662e-05
638	0.00010035
693	6.77617e-05
319	0.000104994
242	9.94254e-05
181	1.75266e-06
524	5.14069e-06
439	0.00010213
369	3.43657e-05
565	0.000105851
208	0.000102036
682	4.39821e-05
435	1.90269e-06
769	0.000900672
302	1.2426e-07
660	7.78112e-08
536	2.19949e-07
771	1.68514e-06
819	0.000791094
323	2.1058e-07
485	0.000684852
558	1.1451e-06
78	4.33494e-05
950	0.000103677
862	0.000825788
86	0.000539078
374	3.22456e-07
245	1.50064e-05
834	0.000168704
269	0.000172411
552	0.000144575
951	0.000124377
265	3.34292e-07
71	0.000964829
69	0.00133935
395	0.00156311
574	0.00169647
50	3.93079e-07
333	0.0023743
645	0.00140484
705	0.00119132
332	0.00168957
546	0.00117528
408	2.0791e-07
656	0.00229394
123	0.00214884
817	9.43661e-06
118	0.000870888
783	0.0011864
262	0.00127442
777	0.000186181
384	0.0011629
35	1.40949e-05
566	2.72462e-10
565	6.79969e-06
208	8.34067e-06
928	1.38246e-05
331	5.07251e-06
608	7.97917e-06
173	8.12128e-06
932	8.34207e-06
242	8.92102e-06
869	3.8288e-07
835	7.36531e-06
319	8.39506e-06
638	6.94988e-06
795	3.15701e-07
383	9.36761e-09
462	1.19111e-05
439	6.33845e-06
393	1.69556e-06
442	9.95302e-06
18	6.32407e-05
190	5.1271e-06
497	3.60339e-06
355	1.22538e-06
404	4.38066e-06
364	7.35717e-05
73	4.51832e-06
254	3.58303e-05
792	8.15794e-05
961	6.35256e-05
750	2.87741e-05
686	3.63767e-06
561	1.22156e-05
289	2.4937e-05
709	7.81441e-05
280	6.97725e-05
484	3.83688e-06
125	1.98115e-06
767	7.06144e-06
878	1.55005e-06
621	0.00119608
65	0.000342633
592	0.00160545
53	0.000995553
69	0.00163273
422	0.000391569
725	1.72707e-06
308	0.00160805
62	0.00163161
388	1.58004e-07
591	0.000668643
348	0.000384895
731	0.000622062
758	6.24227e-05
103	0.00133273
953	0.000591142
674	0.00115621
276	0.00013132
810	0.00115902
755	0.000184101
496	3.51455e-06
399	4.86774e-06
665	4.09987e-05
583	7.00226e-06
470	1.08923e-06
922	3.39547e-05
611	4.54048e-06
142	2.46314e-05
358	2.09668e-05
372	4.70611e-06
282	4.11646e-05
974	4.28136e-05
444	4.46035e-05
377	5.12188e-05
58	3.73085e-05
140	5.1933e-05
225	3.7515e-05
193	5.12175e-07
298	4.20232e-05
174	5.3613e-06
346	5.43715e-05
66	4.75566e-05
865	4.97026e-05
906	0.000226139
697	6.2019e-05
373	5.09353e-05
203	5.29473e-05
756	8.96658e-05
738	0.000231952
459	5.43015e-05
804	0.000191771
137	3.94225e-06
175	4.45113e-05
479	5.4457e-05
630	5.57904e-05
618	1.1872e-07
918	3.77264e-06
67	0.000105576
983	0.000152059
436	5.88222e-05
988	0.00360899
744	0.00432888
279	0.00380685
423	0.000650639
614	0.000419964
141	0.00436282
308	0.000786282
276	0.00267163
591	0.0027227
876	0.000384675
725	0.00384028
734	0.00354624
138	0.000524516
579	0.000428264
388	0.00393293
85	0.00278263
755	0.00323511
195	0.00392826
62	0.000760736
206	0.00173955
476	0.00277252
327	0.00029017
510	0.00089671
411	0.00120473
217	0.00123024
802	0.00118383
402	0.000288953
447	0.00122883
440	0.00292881
145	0.00188177
846	2.40683e-05
433	0.00188901
24	0.000374598
349	0.00115197
316	0.00272524
20	0.000292548
602	0.000759446
937	0.0018803
676	0.00293807
273	0.00290871
636	5.55812e-05
747	6.00382e-05
19	5.42628e-05
82	6.31191e-05
555	4.20567e-05
450	5.20574e-05
815	5.59916e-05
931	6.26336e-05
609	6.00424e-05
259	6.33092e-05
619	2.7668e-05
612	6.24862e-05
244	5.77708e-05
428	5.46973e-05
701	4.76773e-06
187	8.58726e-06
83	5.11938e-05
46	6.23641e-05
658	4.55107e-05
14	5.55454e-05
510	0.0009099
386	3.54641e-07
22	1.63007e-07
857	0.000178901
830	0.000216959
128	0.000303064
668	0.000554156
784	0.000120674
353	0.000768496
681	8.43517e-06
107	1.2469e-05
196	0.000961917
700	0.000147104
534	0.000271383
941	5.80531e-05
634	0.000351315
803	6.49307e-07
330	0.000543456
167	3.67369e-07
154	8.09869e-07
876	3.41389e-07
591	0.00238255
271	0.00280633
590	0.00276691
117	0.00286984
809	0.00282394
423	0.00201302
407	0.00283572
308	0.000710594
7	0.00280586
206	0.000776267
614	2.22173e-06
744	0.00231035
62	0.000693701
49	0.0028069
138	0.0013105
148	0.00269268
432	0.00281163
579	0.00155535
141	0.00236382
981	0.00356947
474	0.00402661
992	8.46807e-07
212	0.00415113
527	0.00277989
903	0.00404581
189	0.00383363
413	0.00610785
871	0.00218514
819	0.00458484
584	0.00344255
769	0.00473067
235	0.00232689
293	0.00298204
999	0.00542282
967	0.00614348
523	0.00277869
914	0.00339039
166	0.00181147
706	0.00274193
531	0.000759027
132	0.000752304
907	0.000401207
40	0.000390931
92	0.000339274
727	0.00054625
283	0.00061219
948	0.000873587
149	9.70669e-05
764	9.36044e-05
502	0.000791649
828	0.000201349
537	0.000573799
287	0.000899962
39	0.000637048
793	0.000743689
434	0.000620899
559	0.000610946
526	0.000433098
55	0.000791296
955	0.00877824
345	0.00112969
774	0.00870152
639	0.00826493
41	0.00882991
54	0.00120877
509	0.00867013
836	0.00790741
822	0.0088162
449	0.00662148
899	0.00869762
486	0.0082327
782	0.00433084
620	0.00838444
505	0.00130038
954	0.00819279
256	0.00844904
888	0.00875927
365	0.00882948
958	0.00674614
508	0.000226675
698	6.11441e-05
833	0.000900839
139	0.000872622
23	0.000395926
761	1.34771e-05
96	0.000139393
653	6.1873e-05
938	0.000520721
532	2.28722e-05
36	3.57066e-05
788	6.83145e-06
514	0.00133161
675	0.00141531
152	2.44649e-05
997	0.000957887
945	0.00040236
589	0.000400151
513	0.00099743
325	0.000994918
785	5.8631e-05
791	0.00012241
229	9.21728e-05
79	0.000100095
186	4.47598e-05
91	0.000179208
184	0.000146165
179	0.00015354
260	6.79726e-05
916	4.7916e-06
543	9.38613e-05
895	8.4698e-05
430	8.72319e-05
551	0.000162401
232	4.6819e-05
357	0.000174818
996	0.000170193
849	9.48053e-05
342	8.8806e-05
389	0.000168682
369	1.52066e-05
565	4.19127e-07
835	3.54797e-07
208	1.72297e-07
383	9.66737e-06
331	8.67401e-07
412	8.74573e-07
490	3.57959e-06
242	8.14289e-08
932	1.72996e-07
869	8.34474e-06
319	3.16035e-07
608	1.6805e-07
638	2.31163e-07
795	6.67035e-06
566	9.63069e-06
173	1.90229e-07
439	3.63657e-07
393	1.31046e-05
442	1.12665e-05
726	0.000143487
57	9.90339e-05
935	0.000152358
309	3.18644e-05
829	0.000145864
939	0.000127508
352	0.000145426
405	4.46396e-06
169	0.000132079
860	9.61746e-06
99	0.000128236
456	0.000146095
813	0.000144869
797	2.75337e-05
88	1.29962e-05
644	4.38259e-07
234	0.000149817
74	2.00468e-05
252	8.04359e-07
946	1.34301e-05
137	0.000113271
756	5.01669e-08
906	0.000251581
67	1.72452e-06
459	1.76217e-05
738	0.000290133
630	1.9472e-05
716	6.78818e-05
436	1.18005e-05
66	3.04906e-05
697	3.86994e-06
918	0.000112079
865	0.000224698
203	2.06e-05
175	6.09104e-05
804	4.0234e-05
373	0.000103863
479	1.79152e-05
618	8.4225e-05
346	1.5102e-05
988	0.00276288
808	0.00510347
279	0.00492531
333	0.00115821
263	0.00257272
195	0.00413432
130	0.00508375
123	0.00249133
924	0.00151654
419	0.00309948
118	0.0027916
731	0.00469229
52	1.08082e-05
466	0.00508509
516	0.00222184
953	0.00478655
712	0.00507282
737	0.00215612
313	0.00148442
421	0.000620207
665	3.89818e-05
142	5.86177e-05
58	4.18467e-05
688	1.80522e-05
215	9.16403e-05
952	2.93382e-05
182	8.85986e-06
461	2.41399e-05
298	3.84012e-05
491	4.94953e-05
282	3.87911e-05
225	4.33245e-05
974	3.72948e-05
944	1.89069e-05
735	2.29239e-05
140	3.0636e-05
922	4.92021e-05
180	2.45892e-05
893	9.50681e-06
444	3.56877e-05
190	9.04738e-05
521	4.97708e-06
961	3.19589e-05
125	0.000108095
767	8.31288e-05
709	1.55198e-05
254	3.37982e-05
364	2.31869e-05
425	1.40999e-06
18	2.64555e-05
289	5.58786e-05
266	1.13403e-05
76	1.20686e-05
73	9.85813e-05
205	2.00813e-05
280	1.17097e-05
451	2.36478e-05
792	8.97929e-06
686	9.95085e-05
878	0.000112655
130	0.00818485
100	0.00246157
194	0.00627455
808	0.00808518
52	0.0124251
832	0.00826689
924	0.00748685
737	0.00890161
279	0.0097582
394	0.0048308
155	0.00827651
466	0.00817586
734	0.00973008
421	0.0117159
313	0.00670455
712	0.00812184
263	0.00530046
195	0.0101211
294	0.00631796
533	0.00270651
685	0.000177018
266	0.000125922
364	0.000251001
21	6.70695e-05
371	6.3224e-05
205	0.000229048
961	0.000279017
709	0.000229438
425	0.000153471
792	0.000210119
779	6.93622e-05
280	0.000224755
451	0.000111253
119	0.000104575
521	8.74034e-05
18	0.00026696
966	0.000181329
76	0.000190357
649	0.000102125
227	1.77062e-05
5	0.000108083
509	0.000230678
671	0.000228482
774	0.000286153
541	0.000101369
888	0.000222152
258	0.000106194
90	0.000130639
595	0.000130046
613	0.000110669
639	0.000290091
557	0.000133641
955	0.000214964
934	0.00013003
620	0.000283892
875	0.000205434
365	0.000212258
713	0.000114655
822	0.000214192
763	0.000163441
18	4.11594e-05
190	5.66403e-06
497	7.12448e-06
355	1.07504e-05
750	3.81571e-05
709	5.60506e-05
254	3.09862e-05
364	4.92126e-05
73	2.1978e-06
961	3.93803e-05
404	1.5902e-06
280	5.73849e-05
561	2.58363e-05
289	1.23687e-05
205	6.28213e-05
686	3.15489e-06
484	7.28224e-06
125	6.31395e-06
767	8.02607e-06
878	3.12291e-06
435	0.000174935
245	0.00022632
950	0.000111976
771	0.000177579
536	0.000165911
302	0.000166249
819	0.000413151
323	0.000159628
834	0.000108453
78	0.000138451
660	0.000167402
374	0.00016534
485	0.000438058
951	0.000566133
558	0.000179092
86	0.000328823
212	0.00062423
269	0.000538851
552	0.000627189
862	0.000268338
478	4.49824e-06
261	3.82916e-05
441	3.91258e-06
895	0.000603148
886	0.000335333
32	3.8923e-05
849	0.000530409
746	8.81731e-05
430	0.000605498
798	7.15504e-05
301	7.93357e-07
880	0.00013067
12	7.14428e-05
232	0.000528116
528	6.77899e-06
721	6.19764e-05
342	0.000553659
147	6.20481e-05
340	0.000456818
882	7.58912e-07
636	7.00161e-05
609	6.6154e-05
19	7.15747e-05
244	6.76599e-05
428	7.10306e-05
815	6.95686e-05
743	2.39537e-05
931	6.26594e-05
46	6.32193e-05
13	6.40532e-06
612	6.30333e-05
259	6.24246e-05
82	6.22314e-05
982	5.8403e-05
354	6.08609e-05
747	6.5292e-05
322	3.34537e-05
450	7.45683e-05
158	6.24703e-06
143	1.37943e-07
96	6.1466e-05
698	0.000750429
441	0.00153568
23	0.00155797
508	0.00120172
788	0.000494386
653	0.000755749
528	0.00148715
340	0.000400639
798	0.00156488
36	0.000186415
152	0.000603394
532	0.000594814
886	0.000625824
761	0.000542223
325	0.000144197
11	0.000346971
938	1.68352e-05
513	0.000145163
261	0.00122398
435	0.000390354
189	0.00061936
245	0.000308322
660	0.000437255
536	0.000429796
771	0.000393778
819	0.000490532
323	0.000450921
269	0.000147357
78	0.000246798
302	0.000434952
374	0.000425837
474	0.000351511
999	0.000275537
834	0.000232237
558	0.000403493
584	0.000548881
212	0.000427006
135	0.000354053
769	0.000153233
437	1.03019e-05
135	0.000666059
60	9.46826e-06
269	0.00240372
914	0.00153364
584	0.00212886
293	0.00370396
871	0.00309806
235	0.00286923
552	0.00344527
834	0.00355911
413	0.000291669
523	0.00240252
474	0.00192145
78	0.00344921
245	0.00339474
769	0.00222382
212	0.00343776
967	0.00113528
999	0.0010441
361	1.78034e-05
48	0.00282204
556	0.00237011
976	0.00330908
622	0.00205191
730	0.00206079
390	0.00426054
17	0.000710077
773	0.0021134
915	2.79601e-06
3	0.00205522
762	1.45322e-05
415	0.00420255
776	0.00291595
133	7.44597e-06
275	0.00376953
962	0.00369222
604	0.00205256
94	0.0043184
493	0.00330895
17	0.000625218
48	0.00306459
962	0.00388287
361	3.23152e-05
622	0.00227131
604	0.00227139
390	0.00441711
493	0.00334829
773	0.00233612
133	1.37463e-06
3	0.00227481
776	0.00316175
275	0.0040263
415	0.00435942
556	0.00252666
976	0.00334847
915	3.05957e-06
730	0.00228065
94	0.00447471
762	1.42776e-05
986	0.000145441
63	0.000249817
409	0.000160363
780	0.000167447
831	0.000460959
410	0.000705099
701	0.00103791
672	8.80717e-05
898	0.00014536
187	0.000895058
453	0.000971054
306	0.000100667
905	0.000225238
14	0.000587524
31	0.000416315
884	0.000143048
350	0.000134325
210	0.000161195
714	0.000427688
157	0.000280808
600	0.000333959
226	0.000236172
176	0.000159272
406	0.000248166
98	0.000316247
375	0.000243454
998	2.54299e-06
576	1.4088e-05
292	0.000324009
902	4.77505e-09
339	0.000111313
197	0.000220428
781	0.000301953
382	9.50275e-05
689	0.00026611
303	0.000215497
637	2.46345e-05
578	4.75774e-06
471	2.85877e-05
820	0.000336802
640	0.0016479
796	0.0181196
610	0.0175814
827	0.00159508
989	0.00161995
314	0.00159723
843	0.00532697
917	0.00534564
733	0.00535713
34	0.00535091
392	2.55027e-07
318	0.00530801
452	0.00521281
704	0.00502242
200	0.00505769
512	3.15752e-07
844	4.69176e-08
968	0.00101155
892	2.94371e-07
359	0.0018535
604	1.12584e-05
773	4.10464e-06
275	0.000987049
762	0.00206309
48	0.00032138
94	0.00351306
361	0.00179067
415	0.00338574
3	2.37861e-06
915	0.00204739
730	6.72433e-06
776	0.000353855
133	0.00217015
622	2.57347e-06
976	0.00455193
962	0.00223401
41	0.00357805
17	0.00431888
556	0.00145195
390	0.0034499
496	1.84893e-06
399	7.27866e-06
665	3.15975e-05
583	1.06794e-05
193	5.25409e-07
225	2.92233e-05
611	2.1121e-06
140	4.16734e-05
358	2.68354e-05
372	2.76783e-06
444	3.47004e-05
298	3.27713e-05
282	3.17126e-05
922	2.71897e-05
58	2.66479e-05
572	4.19169e-05
142	1.78122e-05
470	4.36626e-07
974	3.31634e-05
174	2.0669e-06
330	0.00112267
881	0.000661482
911	0.000343568
857	0.00118183
241	0.00014157
209	0.000822833
315	0.000715559
841	0.000222969
754	0.000842439
253	0.000204576
247	0.00061357
668	0.000382355
128	0.000590672
473	1.54743e-05
250	0.00106121
107	0.00145511
700	0.00143476
534	0.00090967
144	0.000283296
941	0.00116617
225	7.93666e-05
344	7.80106e-05
282	7.4559e-05
688	3.63596e-05
491	1.44019e-05
952	5.85045e-05
944	2.00505e-05
444	7.00995e-05
735	4.67613e-05
215	4.34067e-05
665	7.47612e-05
461	4.99769e-05
182	2.12727e-05
58	8.30672e-05
922	8.51108e-05
140	6.12958e-05
298	7.32275e-05
180	5.24181e-05
893	2.01321e-05
974	7.2366e-05
640	0.00167184
796	0.0183044
610	0.0177608
827	0.00161601
989	0.00164187
314	0.00161838
843	0.0054352
917	0.00545388
733	0.00546513
34	0.00545897
392	6.84669e-07
318	0.005415
452	0.00531967
704	0.00512427
200	0.00516158
512	7.59883e-07
844	2.29831e-06
968	0.000946963
892	2.8037e-06
359	0.00174428
100	0.000857438
423	0.00436546
155	0.000247667
394	0.00312536
533	0.000742487
313	0.00402746
466	0.00099718
579	0.00391226
924	0.0037125
130	0.000999352
279	0.00143646
85	0.00171043
195	0.00190613
737	0.00297826
194	5.51982e-06
734	0.000665862
294	0.000423483
832	0.000937527
712	0.000991962
808	0.000973815
636	3.18973e-07
244	1.59448e-07
658	1.55709e-06
609	1.85313e-07
428	3.72858e-07
13	2.99e-05
450	6.11705e-07
931	1.05692e-08
46	2.08289e-08
82	2.19129e-09
19	3.87749e-07
259	3.73379e-08
354	3.27112e-06
619	1.05384e-05
982	4.82265e-08
747	6.10096e-08
83	1.71193e-06
612	1.2313e-08
815	2.82287e-07
555	4.54792e-06
794	0.000318695
102	0.000327958
467	0.000315563
710	0.00019025
270	4.32378e-05
864	0.000323978
72	3.9186e-05
165	0.000294694
70	0.000230648
775	0.00032853
370	0.000276407
228	5.50957e-06
652	1.02095e-05
183	1.66723e-06
98	0.000349939
37	0.000341613
599	0.000367191
627	2.85843e-05
596	0.000100727
601	3.71577e-05
782	0.0130637
390	0.0152853
361	0.00932454
762	0.00875758
54	0.00628299
556	0.0189455
133	0.00824953
493	0.016689
345	0.00646257
41	0.0153388
915	0.00847844
505	0.0100668
3	0.0189128
415	0.0152712
730	0.0187391
17	0.00716098
962	0.0166173
976	0.0166908
94	0.0153017
622	0.0189107
212	0.000405254
474	0.000701294
914	0.00242171
871	0.000226376
293	0.000119968
166	0.000132843
992	0.00196351
903	0.000462686
999	0.00151781
78	0.00198048
769	0.000778757
245	0.00243779
235	0.000285937
584	0.000538578
819	0.000515078
862	0.00192276
135	0.00229935
189	0.000289576
523	0.000425606
834	0.00142279
926	4.15726e-05
10	2.71685e-05
360	4.56521e-05
268	3.23597e-05
115	2.45316e-05
778	0.000117504
469	0.000150442
749	0.000128344
742	0.000198618
607	2.97932e-05
923	5.52981e-05
163	3.79019e-05
2	4.39909e-05
129	0.000127696
708	2.96821e-05
663	0.000104286
564	0.000122996
416	4.52925e-05
42	0.000108426
483	5.17457e-05
876	0.00132159
802	0.000894749
744	0.0016068
590	0.00156889
411	0.000902327
148	0.00154177
349	0.00114126
809	0.00156812
614	0.00124646
273	0.00165413
676	0.0016937
49	0.00154323
440	0.0013218
117	0.00169482
217	0.000872107
7	0.00155761
432	0.00156365
447	0.000877104
407	0.00158654
271	0.00155349
638	6.83604e-06
566	4.01965e-07
565	6.32067e-06
208	7.86227e-06
928	1.47502e-05
331	4.73172e-06
173	7.65259e-06
932	7.86223e-06
608	7.58308e-06
30	1.47906e-05
869	4.5053e-08
835	6.81718e-06
319	7.7091e-06
795	4.18132e-07
242	8.53574e-06
383	5.57089e-07
462	7.846e-06
439	6.21157e-06
393	3.8046e-06
442	6.47452e-06
976	0.00339496
730	0.000429615
762	0.00291784
48	1.12689e-06
493	0.00339579
3	0.000312509
133	0.00321084
773	0.000365117
915	0.00307274
622	0.000308082
275	0.000157418
556	0.000689062
361	0.00259804
604	0.000243837
670	0.00600108
962	0.00432781
776	6.52762e-08
17	0.00488055
415	0.00592628
925	0.00595218
295	1.58191e-06
277	1.0476e-06
726	3.29048e-07
995	4.05849e-06
169	2.15715e-07
95	1.29732e-06
456	4.18312e-07
929	2.00365e-06
99	1.58958e-08
519	2.21812e-06
829	4.63617e-07
813	3.58224e-07
868	1.07065e-06
939	2.49313e-08
935	8.15372e-07
745	3.21451e-06
352	4.17051e-07
57	2.24609e-06
632	9.91332e-07
234	6.54129e-07
875	0.000377415
888	0.000381717
669	8.41009e-05
822	0.00037574
874	1.19965e-06
258	0.000311136
367	1.26617e-05
498	3.21173e-06
486	0.000326744
256	0.000346544
613	0.000272129
449	0.000408411
500	1.22983e-06
732	1.08264e-06
774	0.000253107
671	0.000213953
955	0.000399843
341	2.05668e-05
365	0.000374816
899	0.000247176
864	6.25327e-08
820	1.71597e-05
467	4.78693e-07
957	4.60147e-05
600	2.12176e-05
72	0.000144977
165	2.98688e-06
98	7.10875e-07
80	3.05037e-05
775	3.06434e-06
176	0.000127994
382	9.51532e-05
70	0.000125765
601	0.000149387
667	4.35139e-05
214	3.55351e-05
970	2.13935e-05
406	2.96795e-05
226	1.03794e-05
339	0.000147251
404	6.68775e-05
878	3.66878e-05
961	7.34914e-05
289	4.52694e-05
18	6.58557e-05
561	8.32394e-05
254	2.10953e-05
73	3.84069e-05
767	2.38027e-05
364	7.34157e-05
425	5.81244e-05
686	3.46098e-05
355	4.88919e-05
125	2.84062e-05
709	6.62587e-05
280	3.96807e-05
484	6.99583e-05
792	5.47126e-05
190	2.80005e-05
497	6.89537e-05
49	2.80168e-07
799	4.74272e-05
121	4.76398e-05
148	4.26228e-06
271	4.95618e-07
990	2.42356e-05
7	6.08206e-07
432	6.60413e-07
809	5.58717e-07
816	4.18679e-05
117	6.73004e-06
517	4.88801e-05
330	0.000326052
353	0.000159142
250	0.000549747
590	2.16312e-06
744	6.7023e-05
141	9.07431e-05
407	9.19048e-07
440	5.35334e-05
517	9.63594e-05
590	1.01685e-05
121	1.30633e-05
799	1.27621e-05
407	1.22642e-05
117	3.70239e-06
250	0.000361989
809	1.38418e-05
7	1.39676e-05
141	3.80103e-05
990	9.46227e-07
744	3.13226e-05
49	1.60954e-05
148	1.00601e-05
432	1.35555e-05
330	0.000358472
271	1.45736e-05
816	6.18323e-05
440	0.000137008
353	0.000235772
797	0.00158408
381	0.000799694
111	0.000173176
309	0.0016165
657	0.00174233
311	0.000339592
81	0.000158345
504	0.000484522
252	0.0012682
74	0.000920812
511	0.000163692
946	0.00146835
88	0.00146124
288	0.00129266
860	0.00100573
396	0.000933301
683	0.0012887
405	0.0010657
644	0.00116688
655	0.000374266
324	1.79666e-07
477	4.13702e-07
887	1.76487e-07
741	1.06542e-07
168	4.47585e-07
329	6.09735e-07
818	2.38818e-07
890	6.05728e-07
692	2.35143e-09
110	1.4545e-06
877	8.55732e-07
220	1.70067e-06
736	1.99894e-07
334	3.11249e-07
718	3.57993e-09
633	8.98885e-08
335	7.83809e-08
751	3.44344e-07
64	9.75308e-07
33	4.74717e-08
608	6.79818e-05
795	8.72109e-05
565	7.10107e-05
393	7.77073e-05
173	6.8662e-05
331	7.27228e-05
932	6.84621e-05
490	3.72996e-05
412	5.38766e-05
638	6.62963e-05
693	3.60157e-05
319	7.10296e-05
242	6.64449e-05
181	9.654e-06
524	1.50906e-08
439	6.75363e-05
369	1.57391e-05
835	7.0906e-05
208	6.84461e-05
682	1.96794e-05
545	0.000384067
114	4.27068e-05
768	0.000240262
508	0.000284849
589	0.000164939
581	6.79082e-05
678	0.000492192
586	4.72424e-05
945	0.000163702
643	4.35853e-05
139	5.87716e-06
997	9.78958e-07
597	0.000113549
514	2.09205e-05
675	3.25397e-05
680	0.000467109
23	0.000167165
185	3.58764e-05
833	3.73347e-06
387	0.000261616
558	0.000856328
999	0.000203049
834	0.000382816
771	0.000841245
269	0.000577376
245	0.000744548
474	6.12891e-05
212	0.000150049
435	0.000834351
189	0.000267052
78	0.000563978
584	0.000141461
235	0.000453848
293	0.000309589
374	0.00087792
523	0.000318084
871	0.000503814
819	0.000271016
769	4.43276e-07
135	0.000469509
906	0.000295563
67	1.23428e-05
865	0.000175678
756	5.91907e-06
459	4.01436e-06
373	0.00011561
630	4.86232e-06
716	0.000106032
436	1.52404e-06
66	1.11945e-05
346	2.90717e-06
137	9.78371e-05
983	0.000244145
175	3.18769e-05
203	5.49765e-06
804	3.43727e-05
918	9.67373e-05
479	4.14611e-06
618	6.76049e-05
697	4.29127e-07
773	5.07686e-06
390	0.00368187
17	0.00455825
762	0.00226601
48	0.000251198
976	0.00455827
361	0.00197899
94	0.00374684
915	0.00226416
133	0.00239276
556	0.00140683
604	4.32275e-06
275	0.000864072
622	1.31541e-06
776	0.000278532
41	0.0038134
962	0.00240252
415	0.0036158
730	1.49227e-05
3	1.36412e-06
558	0.000133468
269	0.00051602
323	0.000108606
374	0.000121208
536	0.000119083
771	0.000139117
212	0.0015612
302	0.000116374
485	0.000346114
552	0.000228452
819	0.00127597
435	0.000141162
86	0.000257335
862	0.000762326
660	0.000115153
245	0.000201322
78	0.00027502
834	0.000470821
951	0.000155719
950	3.94396e-05
147	0.000472682
886	9.60204e-05
721	0.000495884
513	6.55838e-05
261	0.000233623
96	0.00075412
32	0.000720412
340	7.48059e-09
441	0.000380121
798	0.000462311
11	0.000108883
938	0.000328506
528	0.00035578
882	0.000424051
746	0.000922261
478	0.000555623
12	0.000478081
325	6.62138e-05
301	0.000423239
880	0.000871241
496	9.30989e-06
399	6.15318e-07
665	5.6504e-05
583	1.81036e-06
193	2.7425e-06
417	5.57025e-05
611	1.04919e-05
535	5.14592e-05
358	1.0722e-05
372	1.13917e-05
282	5.66685e-05
142	3.71816e-05
58	5.01731e-05
377	5.30328e-05
225	5.30444e-05
572	3.69057e-05
922	4.97428e-05
470	1.62601e-06
298	5.79818e-05
174	1.09351e-05
